-10.000000000000 32.372676430483
-9.900000000000 -19.866127801389
-9.800000000000 -17.239397929634
-9.700000000000 -16.603106427568
-9.600000000000 -14.925416628498
-9.500000000000 -20.593195880002
-9.400000000000 26.587610067239
-9.300000000000 28.221769642357
-9.200000000000 22.867558656516
-9.100000000000 -20.253007523150
-9.000000000000 23.383355595815
-8.900000000000 -15.400420786617
-8.800000000000 -17.860509135476
-8.700000000000 -10.395900116477
-8.600000000000 -14.576952129303
-8.500000000000 -14.370534408454
-8.400000000000 24.880206825325
-8.300000000000 -16.225409082035
-8.200000000000 -13.770435843511
-8.100000000000 -12.840064113925
-8.000000000000 -12.081435720639
-7.900000000000 26.450519021331
-7.800000000000 -12.414815876166
-7.700000000000 -14.449568501062
-7.600000000000 -14.252262838279
-7.500000000000 -15.758297883631
-7.400000000000 -14.068878052683
-7.300000000000 -12.814876377035
-7.200000000000 -16.182496876015
-7.100000000000 20.483223523522
-7.000000000000 -13.815197881667
-6.900000000000 -12.612500915165
-6.800000000000 -13.253861742954
-6.700000000000 -13.046200422297
-6.600000000000 -14.817622824109
-6.500000000000 -14.317513152171
-6.400000000000 -14.388995272909
-6.300000000000 -10.983263827181
-6.200000000000 -10.535248776378
-6.100000000000 -14.946049754260
-6.000000000000 -13.247002998625
-5.900000000000 16.961414024682
-5.800000000000 -9.513584608413
-5.700000000000 -9.981790874673
-5.600000000000 18.521073620162
-5.500000000000 -12.705390677832
-5.400000000000 -11.112168490217
-5.300000000000 -12.302093729466
-5.200000000000 -9.220793000031
-5.100000000000 -10.829422326436
-5.000000000000 -7.475461440341
-4.900000000000 -12.178804373252
-4.800000000000 -8.438634607756
-4.700000000000 -12.724620704574
-4.600000000000 -10.018308954160
-4.500000000000 -8.157357237454
-4.400000000000 -7.003707288133
-4.300000000000 -6.935732592987
-4.200000000000 -10.915741050067
-4.100000000000 -6.254884057299
-4.000000000000 -5.401031065694
-3.900000000000 -8.396782622011
-3.800000000000 -4.567876225412
-3.700000000000 9.975305228840
-3.600000000000 9.104407812944
-3.500000000000 -5.626009588868
-3.400000000000 -4.486358424694
-3.300000000000 -4.675293018856
-3.200000000000 -4.804481142147
-3.100000000000 -4.016881299029
-3.000000000000 -5.620993836927
-2.900000000000 -3.427351715987
-2.800000000000 -3.355484343202
-2.700000000000 -7.520300640302
-2.600000000000 -5.358150514145
-2.500000000000 -2.111853205651
-2.400000000000 -4.523145784111
-2.300000000000 -4.831936639717
-2.200000000000 -3.913826818097
-2.100000000000 -1.343402985573
-2.000000000000 3.487129036434
-1.900000000000 -1.238297074252
-1.800000000000 -1.000058516975
-1.700000000000 -1.380192208257
-1.600000000000 -3.502226978116
-1.500000000000 -4.258089363601
-1.400000000000 0.020938510985
-1.300000000000 4.720383308175
-1.200000000000 -1.155674380232
-1.100000000000 -0.838176123817
-1.000000000000 3.815733166163
-0.900000000000 -0.068375987154
-0.800000000000 1.794185498760
-0.700000000000 0.925371174979
-0.600000000000 -0.025054143473
-0.500000000000 1.958260379175
-0.400000000000 3.993319455395
-0.300000000000 0.904361326041
-0.200000000000 2.577246223167
-0.100000000000 -1.382188519221
0.000000000000 2.298285058928
0.100000000000 0.064865086718
0.200000000000 0.726106294961
0.300000000000 2.968255007485
0.400000000000 0.985655828704
0.500000000000 -2.359205600964
0.600000000000 -1.770410594728
0.700000000000 -0.370338694831
0.800000000000 -1.307572746404
0.900000000000 1.803800716087
1.000000000000 2.335507778705
1.100000000000 -5.450924704235
1.200000000000 7.156480275324
1.300000000000 3.116381843733
1.400000000000 2.186850742800
1.500000000000 4.516948762683
1.600000000000 -7.943584652093
1.700000000000 3.355597323735
1.800000000000 4.797964809280
1.900000000000 8.979423613274
2.000000000000 5.597455891532
2.100000000000 5.826860696515
2.200000000000 6.957169737707
2.300000000000 7.679257978302
2.400000000000 4.729132121280
2.500000000000 6.713819557215
2.600000000000 2.810424980814
2.700000000000 7.349191699879
2.800000000000 4.335587243303
2.900000000000 6.475937189995
3.000000000000 7.412227955425
3.100000000000 -10.991166951618
3.200000000000 9.953274825502
3.300000000000 6.568973501401
3.400000000000 6.536141898393
3.500000000000 9.356357981651
3.600000000000 -8.162776143143
3.700000000000 8.754894671811
3.800000000000 -13.505256401841
3.900000000000 10.883693352871
4.000000000000 7.491490500243
4.100000000000 5.149283705266
4.200000000000 7.412373556782
4.300000000000 -9.816518595546
4.400000000000 13.919266417677
4.500000000000 10.431188765481
4.600000000000 10.384905380704
4.700000000000 6.839701282406
4.800000000000 7.006885427212
4.900000000000 12.299956362148
5.000000000000 10.500585726629
5.100000000000 9.639026635330
5.200000000000 10.355535509304
5.300000000000 10.654451140219
5.400000000000 11.551842060532
5.500000000000 9.814282962176
5.600000000000 12.618075553815
5.700000000000 -16.543362921180
5.800000000000 14.250501490493
5.900000000000 11.795394841217
6.000000000000 16.177716759252
6.100000000000 12.537107355942
6.200000000000 14.473640506357
6.300000000000 12.685200269567
6.400000000000 -15.785323592221
6.500000000000 13.046527682058
6.600000000000 16.056257729285
6.700000000000 13.687185871385
6.800000000000 16.489802834107
6.900000000000 16.982320083139
7.000000000000 14.680488921443
7.100000000000 14.532010438621
7.200000000000 14.275877754766
7.300000000000 15.218396676350
7.400000000000 -23.065125953202
7.500000000000 -26.260550212114
7.600000000000 15.657245604608
7.700000000000 16.982764763971
7.800000000000 15.094485836598
7.900000000000 15.511953240104
8.000000000000 15.786320364650
8.100000000000 17.120116691108
8.200000000000 15.763123394486
8.300000000000 15.110212153766
8.400000000000 20.886459648122
8.500000000000 -26.614798962280
8.600000000000 19.283268899403
8.700000000000 16.056169521799
8.800000000000 -22.447241866531
8.900000000000 18.818520951767
9.000000000000 21.329834552787
9.100000000000 -25.757462690414
9.200000000000 19.383363480292
9.300000000000 20.229552813829
9.400000000000 18.555868555432
9.500000000000 20.226055239826
9.600000000000 21.911656920711
9.700000000000 19.328971892811
9.800000000000 19.460304056303
9.900000000000 20.390313902814
10.000000000000 22.520874053960
