   0.0000000e+00   1.8900000e+02   0.0000000e+00   5.1842340e+02   9.0053506e+01
   2.7000000e+01   1.8900000e+02   0.0000000e+00   5.2339739e+02   1.1487498e+02
   5.4000000e+01   1.8900000e+02   0.0000000e+00   5.2629133e+02   1.3873377e+02
   8.1000000e+01   1.8900000e+02   0.0000000e+00   5.3109448e+02   1.6546833e+02
   1.0800000e+02   1.8900000e+02   0.0000000e+00   5.3475311e+02   1.9108829e+02
   1.3500000e+02   1.8900000e+02   0.0000000e+00   5.3922811e+02   2.1877588e+02
   1.6200000e+02   1.8900000e+02   0.0000000e+00   5.4657843e+02   2.4278492e+02
   1.8900000e+02   1.8900000e+02   0.0000000e+00   5.4873261e+02   2.7906342e+02
   2.1600000e+02   1.8900000e+02   0.0000000e+00   5.5374911e+02   3.0861984e+02
   2.4300000e+02   1.8900000e+02   0.0000000e+00   5.5907337e+02   3.4108549e+02
   0.0000000e+00   1.6200000e+02   0.0000000e+00   4.8624706e+02   9.3897291e+01
   2.7000000e+01   1.6200000e+02   0.0000000e+00   4.9251089e+02   1.1252541e+02
   5.4000000e+01   1.6200000e+02   0.0000000e+00   4.9733817e+02   1.4395858e+02
   8.1000000e+01   1.6200000e+02   0.0000000e+00   4.9863264e+02   1.6268751e+02
   1.0800000e+02   1.6200000e+02   0.0000000e+00   5.0452379e+02   1.9364378e+02
   1.3500000e+02   1.6200000e+02   0.0000000e+00   5.0555490e+02   2.1771554e+02
   1.6200000e+02   1.6200000e+02   0.0000000e+00   5.0974337e+02   2.5108270e+02
   1.8900000e+02   1.6200000e+02   0.0000000e+00   5.1672543e+02   2.7419866e+02
   2.1600000e+02   1.6200000e+02   0.0000000e+00   5.2455788e+02   3.0582244e+02
   2.4300000e+02   1.6200000e+02   0.0000000e+00   5.2459848e+02   3.4531410e+02
   0.0000000e+00   1.3500000e+02   0.0000000e+00   4.6419788e+02   9.2426191e+01
   2.7000000e+01   1.3500000e+02   0.0000000e+00   4.7084766e+02   1.1566227e+02
   5.4000000e+01   1.3500000e+02   0.0000000e+00   4.6911120e+02   1.4141529e+02
   8.1000000e+01   1.3500000e+02   0.0000000e+00   4.7732054e+02   1.6578788e+02
   1.0800000e+02   1.3500000e+02   0.0000000e+00   4.7599928e+02   1.9472842e+02
   1.3500000e+02   1.3500000e+02   0.0000000e+00   4.8257250e+02   2.1876183e+02
   1.6200000e+02   1.3500000e+02   0.0000000e+00   4.8273338e+02   2.5060901e+02
   1.8900000e+02   1.3500000e+02   0.0000000e+00   4.8413085e+02   2.8327016e+02
   2.1600000e+02   1.3500000e+02   0.0000000e+00   4.9000994e+02   3.1099100e+02
   2.4300000e+02   1.3500000e+02   0.0000000e+00   4.9387254e+02   3.4304348e+02
   0.0000000e+00   1.0800000e+02   0.0000000e+00   4.3715246e+02   9.6830989e+01
   2.7000000e+01   1.0800000e+02   0.0000000e+00   4.4076016e+02   1.2150825e+02
   5.4000000e+01   1.0800000e+02   0.0000000e+00   4.4384038e+02   1.4000743e+02
   8.1000000e+01   1.0800000e+02   0.0000000e+00   4.4452242e+02   1.7023441e+02
   1.0800000e+02   1.0800000e+02   0.0000000e+00   4.4973975e+02   1.9509833e+02
   1.3500000e+02   1.0800000e+02   0.0000000e+00   4.4952887e+02   2.2277014e+02
   1.6200000e+02   1.0800000e+02   0.0000000e+00   4.5165877e+02   2.5375230e+02
   1.8900000e+02   1.0800000e+02   0.0000000e+00   4.5740106e+02   2.8306895e+02
   2.1600000e+02   1.0800000e+02   0.0000000e+00   4.6038800e+02   3.0952909e+02
   2.4300000e+02   1.0800000e+02   0.0000000e+00   4.6197045e+02   3.4401337e+02
   0.0000000e+00   8.1000000e+01   0.0000000e+00   4.1067535e+02   9.9039012e+01
   2.7000000e+01   8.1000000e+01   0.0000000e+00   4.1234865e+02   1.2373717e+02
   5.4000000e+01   8.1000000e+01   0.0000000e+00   4.1152279e+02   1.4663669e+02
   8.1000000e+01   8.1000000e+01   0.0000000e+00   4.1322386e+02   1.7548705e+02
   1.0800000e+02   8.1000000e+01   0.0000000e+00   4.1867334e+02   1.9828008e+02
   1.3500000e+02   8.1000000e+01   0.0000000e+00   4.2011401e+02   2.2924559e+02
   1.6200000e+02   8.1000000e+01   0.0000000e+00   4.2056717e+02   2.5078650e+02
   1.8900000e+02   8.1000000e+01   0.0000000e+00   4.2848776e+02   2.7965189e+02
   2.1600000e+02   8.1000000e+01   0.0000000e+00   4.2982312e+02   3.1144268e+02
   2.4300000e+02   8.1000000e+01   0.0000000e+00   4.3011608e+02   3.4675370e+02
   0.0000000e+00   5.4000000e+01   0.0000000e+00   3.8812246e+02   9.9976601e+01
   2.7000000e+01   5.4000000e+01   0.0000000e+00   3.8560694e+02   1.2671353e+02
   5.4000000e+01   5.4000000e+01   0.0000000e+00   3.9049752e+02   1.4866404e+02
   8.1000000e+01   5.4000000e+01   0.0000000e+00   3.8754624e+02   1.7372787e+02
   1.0800000e+02   5.4000000e+01   0.0000000e+00   3.8967576e+02   2.0443153e+02
   1.3500000e+02   5.4000000e+01   0.0000000e+00   3.9217859e+02   2.2702629e+02
   1.6200000e+02   5.4000000e+01   0.0000000e+00   3.9748789e+02   2.5006318e+02
   1.8900000e+02   5.4000000e+01   0.0000000e+00   3.9734889e+02   2.8573796e+02
   2.1600000e+02   5.4000000e+01   0.0000000e+00   3.9761145e+02   3.1374891e+02
   2.4300000e+02   5.4000000e+01   0.0000000e+00   3.9965358e+02   3.4655284e+02
   0.0000000e+00   2.7000000e+01   0.0000000e+00   3.6204445e+02   1.0406615e+02
   2.7000000e+01   2.7000000e+01   0.0000000e+00   3.5905226e+02   1.2724644e+02
   5.4000000e+01   2.7000000e+01   0.0000000e+00   3.5704251e+02   1.4977655e+02
   8.1000000e+01   2.7000000e+01   0.0000000e+00   3.6430018e+02   1.7346089e+02
   1.0800000e+02   2.7000000e+01   0.0000000e+00   3.6261734e+02   2.0630337e+02
   1.3500000e+02   2.7000000e+01   0.0000000e+00   3.6012603e+02   2.3225586e+02
   1.6200000e+02   2.7000000e+01   0.0000000e+00   3.6146043e+02   2.5646338e+02
   1.8900000e+02   2.7000000e+01   0.0000000e+00   3.6712148e+02   2.8380868e+02
   2.1600000e+02   2.7000000e+01   0.0000000e+00   3.6748320e+02   3.1554911e+02
   2.4300000e+02   2.7000000e+01   0.0000000e+00   3.6991195e+02   3.4777291e+02
   0.0000000e+00   0.0000000e+00   0.0000000e+00   3.3619992e+02   1.0550072e+02
   2.7000000e+01   0.0000000e+00   0.0000000e+00   3.3354270e+02   1.2873917e+02
   5.4000000e+01   0.0000000e+00   0.0000000e+00   3.3094909e+02   1.5404149e+02
   8.1000000e+01   0.0000000e+00   0.0000000e+00   3.3466060e+02   1.7766092e+02
   1.0800000e+02   0.0000000e+00   0.0000000e+00   3.3314348e+02   2.0307280e+02
   1.3500000e+02   0.0000000e+00   0.0000000e+00   3.3224397e+02   2.3470823e+02
   1.6200000e+02   0.0000000e+00   0.0000000e+00   3.3649473e+02   2.5792667e+02
   1.8900000e+02   0.0000000e+00   0.0000000e+00   3.3470765e+02   2.8870983e+02
   2.1600000e+02   0.0000000e+00   0.0000000e+00   3.3740133e+02   3.1524724e+02
   2.4300000e+02   0.0000000e+00   0.0000000e+00   3.3854762e+02   3.4776568e+02
