   0.0000000e+00   1.8900000e+02   0.0000000e+00   4.6637465e+02   2.0564832e+02
   2.7000000e+01   1.8900000e+02   0.0000000e+00   4.6947899e+02   2.2017048e+02
   5.4000000e+01   1.8900000e+02   0.0000000e+00   4.7447546e+02   2.3966932e+02
   8.1000000e+01   1.8900000e+02   0.0000000e+00   4.7278426e+02   2.5907208e+02
   1.0800000e+02   1.8900000e+02   0.0000000e+00   4.7505800e+02   2.7802589e+02
   1.3500000e+02   1.8900000e+02   0.0000000e+00   4.7740608e+02   2.9759948e+02
   1.6200000e+02   1.8900000e+02   0.0000000e+00   4.7904058e+02   3.1451289e+02
   1.8900000e+02   1.8900000e+02   0.0000000e+00   4.8234040e+02   3.3873177e+02
   2.1600000e+02   1.8900000e+02   0.0000000e+00   4.8333541e+02   3.5866611e+02
   2.4300000e+02   1.8900000e+02   0.0000000e+00   4.8762397e+02   3.8274100e+02
   0.0000000e+00   1.6200000e+02   0.0000000e+00   4.4639240e+02   2.0631218e+02
   2.7000000e+01   1.6200000e+02   0.0000000e+00   4.5022089e+02   2.2427902e+02
   5.4000000e+01   1.6200000e+02   0.0000000e+00   4.5530346e+02   2.3928853e+02
   8.1000000e+01   1.6200000e+02   0.0000000e+00   4.5448477e+02   2.5864220e+02
   1.0800000e+02   1.6200000e+02   0.0000000e+00   4.5761382e+02   2.7662050e+02
   1.3500000e+02   1.6200000e+02   0.0000000e+00   4.5711513e+02   2.9742711e+02
   1.6200000e+02   1.6200000e+02   0.0000000e+00   4.6065593e+02   3.1771419e+02
   1.8900000e+02   1.6200000e+02   0.0000000e+00   4.6285289e+02   3.3874403e+02
   2.1600000e+02   1.6200000e+02   0.0000000e+00   4.6085532e+02   3.6492643e+02
   2.4300000e+02   1.6200000e+02   0.0000000e+00   4.6828321e+02   3.8562675e+02
   0.0000000e+00   1.3500000e+02   0.0000000e+00   4.3465821e+02   2.0295114e+02
   2.7000000e+01   1.3500000e+02   0.0000000e+00   4.3273820e+02   2.2168153e+02
   5.4000000e+01   1.3500000e+02   0.0000000e+00   4.3136518e+02   2.3928809e+02
   8.1000000e+01   1.3500000e+02   0.0000000e+00   4.3770433e+02   2.5764973e+02
   1.0800000e+02   1.3500000e+02   0.0000000e+00   4.3505799e+02   2.7707373e+02
   1.3500000e+02   1.3500000e+02   0.0000000e+00   4.4027858e+02   2.9304592e+02
   1.6200000e+02   1.3500000e+02   0.0000000e+00   4.3755470e+02   3.1456065e+02
   1.8900000e+02   1.3500000e+02   0.0000000e+00   4.3951362e+02   3.4244240e+02
   2.1600000e+02   1.3500000e+02   0.0000000e+00   4.4251706e+02   3.5940831e+02
   2.4300000e+02   1.3500000e+02   0.0000000e+00   4.4986796e+02   3.8119509e+02
   0.0000000e+00   1.0800000e+02   0.0000000e+00   4.0984031e+02   2.0128421e+02
   2.7000000e+01   1.0800000e+02   0.0000000e+00   4.1459350e+02   2.2105744e+02
   5.4000000e+01   1.0800000e+02   0.0000000e+00   4.1591086e+02   2.3912191e+02
   8.1000000e+01   1.0800000e+02   0.0000000e+00   4.1727064e+02   2.5776800e+02
   1.0800000e+02   1.0800000e+02   0.0000000e+00   4.1867491e+02   2.7702426e+02
   1.3500000e+02   1.0800000e+02   0.0000000e+00   4.1526621e+02   2.9496706e+02
   1.6200000e+02   1.0800000e+02   0.0000000e+00   4.2270283e+02   3.2153965e+02
   1.8900000e+02   1.0800000e+02   0.0000000e+00   4.2317769e+02   3.3876901e+02
   2.1600000e+02   1.0800000e+02   0.0000000e+00   4.2800043e+02   3.5697194e+02
   2.4300000e+02   1.0800000e+02   0.0000000e+00   4.2644700e+02   3.8359974e+02
   0.0000000e+00   8.1000000e+01   0.0000000e+00   3.9525018e+02   2.0283255e+02
   2.7000000e+01   8.1000000e+01   0.0000000e+00   3.9576657e+02   2.2375836e+02
   5.4000000e+01   8.1000000e+01   0.0000000e+00   3.9933757e+02   2.4345368e+02
   8.1000000e+01   8.1000000e+01   0.0000000e+00   3.9834906e+02   2.5732351e+02
   1.0800000e+02   8.1000000e+01   0.0000000e+00   3.9663383e+02   2.7565387e+02
   1.3500000e+02   8.1000000e+01   0.0000000e+00   4.0500427e+02   2.9399279e+02
   1.6200000e+02   8.1000000e+01   0.0000000e+00   4.0176432e+02   3.1737763e+02
   1.8900000e+02   8.1000000e+01   0.0000000e+00   4.0298156e+02   3.3878172e+02
   2.1600000e+02   8.1000000e+01   0.0000000e+00   4.0424169e+02   3.6093988e+02
   2.4300000e+02   8.1000000e+01   0.0000000e+00   4.0941457e+02   3.8514741e+02
   0.0000000e+00   5.4000000e+01   0.0000000e+00   3.7225845e+02   2.0386651e+02
   2.7000000e+01   5.4000000e+01   0.0000000e+00   3.7291708e+02   2.1861277e+02
   5.4000000e+01   5.4000000e+01   0.0000000e+00   3.8040279e+02   2.3868109e+02
   8.1000000e+01   5.4000000e+01   0.0000000e+00   3.8208369e+02   2.6163907e+02
   1.0800000e+02   5.4000000e+01   0.0000000e+00   3.8210855e+02   2.7541971e+02
   1.3500000e+02   5.4000000e+01   0.0000000e+00   3.7921468e+02   2.9570737e+02
   1.6200000e+02   5.4000000e+01   0.0000000e+00   3.8166602e+02   3.1726277e+02
   1.8900000e+02   5.4000000e+01   0.0000000e+00   3.8254063e+02   3.3879459e+02
   2.1600000e+02   5.4000000e+01   0.0000000e+00   3.8236273e+02   3.6227298e+02
   2.4300000e+02   5.4000000e+01   0.0000000e+00   3.8008910e+02   3.8368258e+02
   0.0000000e+00   2.7000000e+01   0.0000000e+00   3.5746119e+02   2.0284367e+02
   2.7000000e+01   2.7000000e+01   0.0000000e+00   3.6339706e+02   2.1727744e+02
   5.4000000e+01   2.7000000e+01   0.0000000e+00   3.5940121e+02   2.3748135e+02
   8.1000000e+01   2.7000000e+01   0.0000000e+00   3.6221870e+02   2.5667695e+02
   1.0800000e+02   2.7000000e+01   0.0000000e+00   3.5974592e+02   2.7757359e+02
   1.3500000e+02   2.7000000e+01   0.0000000e+00   3.6082097e+02   2.9621881e+02
   1.6200000e+02   2.7000000e+01   0.0000000e+00   3.5695503e+02   3.1585698e+02
   1.8900000e+02   2.7000000e+01   0.0000000e+00   3.6047543e+02   3.4029761e+02
   2.1600000e+02   2.7000000e+01   0.0000000e+00   3.6239265e+02   3.6124128e+02
   2.4300000e+02   2.7000000e+01   0.0000000e+00   3.6251859e+02   3.8431347e+02
   0.0000000e+00   0.0000000e+00   0.0000000e+00   3.3986726e+02   2.0063977e+02
   2.7000000e+01   0.0000000e+00   0.0000000e+00   3.4000122e+02   2.1849185e+02
   5.4000000e+01   0.0000000e+00   0.0000000e+00   3.4231320e+02   2.3672292e+02
   8.1000000e+01   0.0000000e+00   0.0000000e+00   3.3941925e+02   2.5635440e+02
   1.0800000e+02   0.0000000e+00   0.0000000e+00   3.3960755e+02   2.7125929e+02
   1.3500000e+02   0.0000000e+00   0.0000000e+00   3.3657589e+02   2.9254142e+02
   1.6200000e+02   0.0000000e+00   0.0000000e+00   3.4302081e+02   3.1456790e+02
   1.8900000e+02   0.0000000e+00   0.0000000e+00   3.4235289e+02   3.4310952e+02
   2.1600000e+02   0.0000000e+00   0.0000000e+00   3.4107609e+02   3.6139481e+02
   2.4300000e+02   0.0000000e+00   0.0000000e+00   3.4125142e+02   3.8479390e+02
