   0.0000000e+00   1.8900000e+02   0.0000000e+00   4.0736262e+02   1.3584584e+02
   2.7000000e+01   1.8900000e+02   0.0000000e+00   4.1351737e+02   1.5681668e+02
   5.4000000e+01   1.8900000e+02   0.0000000e+00   4.2110300e+02   1.7639576e+02
   8.1000000e+01   1.8900000e+02   0.0000000e+00   4.2902808e+02   1.9888235e+02
   1.0800000e+02   1.8900000e+02   0.0000000e+00   4.3702923e+02   2.2361963e+02
   1.3500000e+02   1.8900000e+02   0.0000000e+00   4.4024059e+02   2.3777981e+02
   1.6200000e+02   1.8900000e+02   0.0000000e+00   4.4843518e+02   2.5959285e+02
   1.8900000e+02   1.8900000e+02   0.0000000e+00   4.5489523e+02   2.8407305e+02
   2.1600000e+02   1.8900000e+02   0.0000000e+00   4.5911020e+02   3.0270535e+02
   2.4300000e+02   1.8900000e+02   0.0000000e+00   4.6635805e+02   3.2471217e+02
   0.0000000e+00   1.6200000e+02   0.0000000e+00   3.8648345e+02   1.3854831e+02
   2.7000000e+01   1.6200000e+02   0.0000000e+00   3.9344124e+02   1.6538412e+02
   5.4000000e+01   1.6200000e+02   0.0000000e+00   4.0037384e+02   1.8016323e+02
   8.1000000e+01   1.6200000e+02   0.0000000e+00   4.0190258e+02   2.0481947e+02
   1.0800000e+02   1.6200000e+02   0.0000000e+00   4.1253095e+02   2.2981326e+02
   1.3500000e+02   1.6200000e+02   0.0000000e+00   4.1961230e+02   2.4813390e+02
   1.6200000e+02   1.6200000e+02   0.0000000e+00   4.2647752e+02   2.6877579e+02
   1.8900000e+02   1.6200000e+02   0.0000000e+00   4.3304458e+02   2.8975089e+02
   2.1600000e+02   1.6200000e+02   0.0000000e+00   4.3961522e+02   3.1351509e+02
   2.4300000e+02   1.6200000e+02   0.0000000e+00   4.4615193e+02   3.3161555e+02
   0.0000000e+00   1.3500000e+02   0.0000000e+00   3.6278542e+02   1.4636361e+02
   2.7000000e+01   1.3500000e+02   0.0000000e+00   3.7101894e+02   1.6800955e+02
   5.4000000e+01   1.3500000e+02   0.0000000e+00   3.8017147e+02   1.9210842e+02
   8.1000000e+01   1.3500000e+02   0.0000000e+00   3.8681841e+02   2.1328981e+02
   1.0800000e+02   1.3500000e+02   0.0000000e+00   3.8962037e+02   2.3467960e+02
   1.3500000e+02   1.3500000e+02   0.0000000e+00   4.0008499e+02   2.5556559e+02
   1.6200000e+02   1.3500000e+02   0.0000000e+00   4.1053986e+02   2.7925962e+02
   1.8900000e+02   1.3500000e+02   0.0000000e+00   4.1572050e+02   2.9361499e+02
   2.1600000e+02   1.3500000e+02   0.0000000e+00   4.1991688e+02   3.1876263e+02
   2.4300000e+02   1.3500000e+02   0.0000000e+00   4.2946481e+02   3.4082924e+02
   0.0000000e+00   1.0800000e+02   0.0000000e+00   3.4662881e+02   1.5706164e+02
   2.7000000e+01   1.0800000e+02   0.0000000e+00   3.5327760e+02   1.8151762e+02
   5.4000000e+01   1.0800000e+02   0.0000000e+00   3.6027896e+02   1.9622453e+02
   8.1000000e+01   1.0800000e+02   0.0000000e+00   3.6673083e+02   2.2097106e+02
   1.0800000e+02   1.0800000e+02   0.0000000e+00   3.7237491e+02   2.3812946e+02
   1.3500000e+02   1.0800000e+02   0.0000000e+00   3.7736293e+02   2.6270328e+02
   1.6200000e+02   1.0800000e+02   0.0000000e+00   3.8832030e+02   2.8957109e+02
   1.8900000e+02   1.0800000e+02   0.0000000e+00   3.9468939e+02   3.0349815e+02
   2.1600000e+02   1.0800000e+02   0.0000000e+00   4.0094633e+02   3.2943726e+02
   2.4300000e+02   1.0800000e+02   0.0000000e+00   4.0530299e+02   3.4677683e+02
   0.0000000e+00   8.1000000e+01   0.0000000e+00   3.2587514e+02   1.6535599e+02
   2.7000000e+01   8.1000000e+01   0.0000000e+00   3.2827719e+02   1.8157067e+02
   5.4000000e+01   8.1000000e+01   0.0000000e+00   3.3575343e+02   2.0765797e+02
   8.1000000e+01   8.1000000e+01   0.0000000e+00   3.4616211e+02   2.2889623e+02
   1.0800000e+02   8.1000000e+01   0.0000000e+00   3.5446610e+02   2.5278066e+02
   1.3500000e+02   8.1000000e+01   0.0000000e+00   3.6068991e+02   2.6900875e+02
   1.6200000e+02   8.1000000e+01   0.0000000e+00   3.6875035e+02   2.9441422e+02
   1.8900000e+02   8.1000000e+01   0.0000000e+00   3.7133258e+02   3.1778859e+02
   2.1600000e+02   8.1000000e+01   0.0000000e+00   3.7656010e+02   3.3011714e+02
   2.4300000e+02   8.1000000e+01   0.0000000e+00   3.8616523e+02   3.5841432e+02
   0.0000000e+00   5.4000000e+01   0.0000000e+00   3.0701929e+02   1.6763026e+02
   2.7000000e+01   5.4000000e+01   0.0000000e+00   3.1221707e+02   1.9766448e+02
   5.4000000e+01   5.4000000e+01   0.0000000e+00   3.1700115e+02   2.1593251e+02
   8.1000000e+01   5.4000000e+01   0.0000000e+00   3.2555640e+02   2.3923651e+02
   1.0800000e+02   5.4000000e+01   0.0000000e+00   3.3289356e+02   2.5887549e+02
   1.3500000e+02   5.4000000e+01   0.0000000e+00   3.3759755e+02   2.8048395e+02
   1.6200000e+02   5.4000000e+01   0.0000000e+00   3.4628484e+02   3.0075215e+02
   1.8900000e+02   5.4000000e+01   0.0000000e+00   3.5100608e+02   3.1748044e+02
   2.1600000e+02   5.4000000e+01   0.0000000e+00   3.6073481e+02   3.4629516e+02
   2.4300000e+02   5.4000000e+01   0.0000000e+00   3.6649030e+02   3.6468971e+02
   0.0000000e+00   2.7000000e+01   0.0000000e+00   2.8586391e+02   1.7664896e+02
   2.7000000e+01   2.7000000e+01   0.0000000e+00   2.8825796e+02   2.0092747e+02
   5.4000000e+01   2.7000000e+01   0.0000000e+00   2.9494374e+02   2.2561919e+02
   8.1000000e+01   2.7000000e+01   0.0000000e+00   3.0326069e+02   2.4494648e+02
   1.0800000e+02   2.7000000e+01   0.0000000e+00   3.0985534e+02   2.6652879e+02
   1.3500000e+02   2.7000000e+01   0.0000000e+00   3.1931540e+02   2.8661353e+02
   1.6200000e+02   2.7000000e+01   0.0000000e+00   3.2542705e+02   3.0942686e+02
   1.8900000e+02   2.7000000e+01   0.0000000e+00   3.3255946e+02   3.3036844e+02
   2.1600000e+02   2.7000000e+01   0.0000000e+00   3.3934022e+02   3.5177443e+02
   2.4300000e+02   2.7000000e+01   0.0000000e+00   3.4663248e+02   3.7672360e+02
   0.0000000e+00   0.0000000e+00   0.0000000e+00   2.6384455e+02   1.8737485e+02
   2.7000000e+01   0.0000000e+00   0.0000000e+00   2.6955144e+02   2.1267636e+02
   5.4000000e+01   0.0000000e+00   0.0000000e+00   2.7536491e+02   2.2746256e+02
   8.1000000e+01   0.0000000e+00   0.0000000e+00   2.8449444e+02   2.5241727e+02
   1.0800000e+02   0.0000000e+00   0.0000000e+00   2.9180881e+02   2.7481212e+02
   1.3500000e+02   0.0000000e+00   0.0000000e+00   2.9863132e+02   2.9753849e+02
   1.6200000e+02   0.0000000e+00   0.0000000e+00   3.0293554e+02   3.1576799e+02
   1.8900000e+02   0.0000000e+00   0.0000000e+00   3.1339748e+02   3.4106557e+02
   2.1600000e+02   0.0000000e+00   0.0000000e+00   3.1872486e+02   3.6022042e+02
   2.4300000e+02   0.0000000e+00   0.0000000e+00   3.2554133e+02   3.8169092e+02
