   0.0000000e+00   1.8900000e+02   0.0000000e+00   5.3181732e+02   3.7314205e+01
   2.7000000e+01   1.8900000e+02   0.0000000e+00   5.3614825e+02   7.2744913e+01
   5.4000000e+01   1.8900000e+02   0.0000000e+00   5.3947407e+02   9.9199859e+01
   8.1000000e+01   1.8900000e+02   0.0000000e+00   5.4508558e+02   1.3566268e+02
   1.0800000e+02   1.8900000e+02   0.0000000e+00   5.4740860e+02   1.6332632e+02
   1.3500000e+02   1.8900000e+02   0.0000000e+00   5.5145889e+02   1.9623392e+02
   1.6200000e+02   1.8900000e+02   0.0000000e+00   5.5540144e+02   2.2595859e+02
   1.8900000e+02   1.8900000e+02   0.0000000e+00   5.6123264e+02   2.6263508e+02
   2.1600000e+02   1.8900000e+02   0.0000000e+00   5.6853957e+02   2.9781950e+02
   2.4300000e+02   1.8900000e+02   0.0000000e+00   5.6856121e+02   3.3429099e+02
   0.0000000e+00   1.6200000e+02   0.0000000e+00   4.9804020e+02   4.2598984e+01
   2.7000000e+01   1.6200000e+02   0.0000000e+00   5.0149630e+02   7.2956410e+01
   5.4000000e+01   1.6200000e+02   0.0000000e+00   5.0274619e+02   1.0395697e+02
   8.1000000e+01   1.6200000e+02   0.0000000e+00   5.0452943e+02   1.3288898e+02
   1.0800000e+02   1.6200000e+02   0.0000000e+00   5.1198987e+02   1.6284748e+02
   1.3500000e+02   1.6200000e+02   0.0000000e+00   5.1183258e+02   1.9894184e+02
   1.6200000e+02   1.6200000e+02   0.0000000e+00   5.2182742e+02   2.2969080e+02
   1.8900000e+02   1.6200000e+02   0.0000000e+00   5.1996939e+02   2.6254545e+02
   2.1600000e+02   1.6200000e+02   0.0000000e+00   5.2513804e+02   2.9869056e+02
   2.4300000e+02   1.6200000e+02   0.0000000e+00   5.2888168e+02   3.3754716e+02
   0.0000000e+00   1.3500000e+02   0.0000000e+00   4.6503574e+02   4.7761392e+01
   2.7000000e+01   1.3500000e+02   0.0000000e+00   4.6841178e+02   7.4250555e+01
   5.4000000e+01   1.3500000e+02   0.0000000e+00   4.7135395e+02   1.0838740e+02
   8.1000000e+01   1.3500000e+02   0.0000000e+00   4.7334443e+02   1.3722212e+02
   1.0800000e+02   1.3500000e+02   0.0000000e+00   4.7583119e+02   1.6992342e+02
   1.3500000e+02   1.3500000e+02   0.0000000e+00   4.7855772e+02   2.0481509e+02
   1.6200000e+02   1.3500000e+02   0.0000000e+00   4.8395894e+02   2.3615441e+02
   1.8900000e+02   1.3500000e+02   0.0000000e+00   4.8463067e+02   2.7082507e+02
   2.1600000e+02   1.3500000e+02   0.0000000e+00   4.9055569e+02   3.0081372e+02
   2.4300000e+02   1.3500000e+02   0.0000000e+00   4.9425403e+02   3.3426541e+02
   0.0000000e+00   1.0800000e+02   0.0000000e+00   4.3277743e+02   5.2807091e+01
   2.7000000e+01   1.0800000e+02   0.0000000e+00   4.3789176e+02   8.5183259e+01
   5.4000000e+01   1.0800000e+02   0.0000000e+00   4.3940671e+02   1.1077918e+02
   8.1000000e+01   1.0800000e+02   0.0000000e+00   4.4138839e+02   1.4361059e+02
   1.0800000e+02   1.0800000e+02   0.0000000e+00   4.4070381e+02   1.7736149e+02
   1.3500000e+02   1.0800000e+02   0.0000000e+00   4.4351291e+02   2.0389995e+02
   1.6200000e+02   1.0800000e+02   0.0000000e+00   4.5134655e+02   2.3677656e+02
   1.8900000e+02   1.0800000e+02   0.0000000e+00   4.5235727e+02   2.7077144e+02
   2.1600000e+02   1.0800000e+02   0.0000000e+00   4.5380787e+02   3.0720462e+02
   2.4300000e+02   1.0800000e+02   0.0000000e+00   4.6002703e+02   3.4015706e+02
   0.0000000e+00   8.1000000e+01   0.0000000e+00   4.0112183e+02   5.8472329e+01
   2.7000000e+01   8.1000000e+01   0.0000000e+00   4.0000561e+02   9.1388604e+01
   5.4000000e+01   8.1000000e+01   0.0000000e+00   4.0670058e+02   1.1722234e+02
   8.1000000e+01   8.1000000e+01   0.0000000e+00   4.1383542e+02   1.4371524e+02
   1.0800000e+02   8.1000000e+01   0.0000000e+00   4.1519263e+02   1.8077212e+02
   1.3500000e+02   8.1000000e+01   0.0000000e+00   4.1441628e+02   2.1017349e+02
   1.6200000e+02   8.1000000e+01   0.0000000e+00   4.1853672e+02   2.4238591e+02
   1.8900000e+02   8.1000000e+01   0.0000000e+00   4.1651709e+02   2.7685153e+02
   2.1600000e+02   8.1000000e+01   0.0000000e+00   4.2547206e+02   3.0937421e+02
   2.4300000e+02   8.1000000e+01   0.0000000e+00   4.2938809e+02   3.4660143e+02
   0.0000000e+00   5.4000000e+01   0.0000000e+00   3.7040029e+02   6.2563842e+01
   2.7000000e+01   5.4000000e+01   0.0000000e+00   3.7337842e+02   9.2404552e+01
   5.4000000e+01   5.4000000e+01   0.0000000e+00   3.7744937e+02   1.1829185e+02
   8.1000000e+01   5.4000000e+01   0.0000000e+00   3.7833925e+02   1.5162308e+02
   1.0800000e+02   5.4000000e+01   0.0000000e+00   3.7647940e+02   1.8538646e+02
   1.3500000e+02   5.4000000e+01   0.0000000e+00   3.8401478e+02   2.1037400e+02
   1.6200000e+02   5.4000000e+01   0.0000000e+00   3.8251537e+02   2.4439239e+02
   1.8900000e+02   5.4000000e+01   0.0000000e+00   3.8479179e+02   2.7662673e+02
   2.1600000e+02   5.4000000e+01   0.0000000e+00   3.8770244e+02   3.0849775e+02
   2.4300000e+02   5.4000000e+01   0.0000000e+00   3.9207653e+02   3.4328423e+02
   0.0000000e+00   2.7000000e+01   0.0000000e+00   3.4023468e+02   6.7282211e+01
   2.7000000e+01   2.7000000e+01   0.0000000e+00   3.3932363e+02   9.8976986e+01
   5.4000000e+01   2.7000000e+01   0.0000000e+00   3.4066186e+02   1.2155314e+02
   8.1000000e+01   2.7000000e+01   0.0000000e+00   3.4689331e+02   1.5152356e+02
   1.0800000e+02   2.7000000e+01   0.0000000e+00   3.4877860e+02   1.8309244e+02
   1.3500000e+02   2.7000000e+01   0.0000000e+00   3.4785836e+02   2.1685998e+02
   1.6200000e+02   2.7000000e+01   0.0000000e+00   3.5006311e+02   2.4368356e+02
   1.8900000e+02   2.7000000e+01   0.0000000e+00   3.5149678e+02   2.7942516e+02
   2.1600000e+02   2.7000000e+01   0.0000000e+00   3.6024172e+02   3.1273331e+02
   2.4300000e+02   2.7000000e+01   0.0000000e+00   3.5917628e+02   3.4560812e+02
   0.0000000e+00   0.0000000e+00   0.0000000e+00   3.1072153e+02   7.1898524e+01
   2.7000000e+01   0.0000000e+00   0.0000000e+00   3.0857090e+02   1.0281117e+02
   5.4000000e+01   0.0000000e+00   0.0000000e+00   3.1027557e+02   1.2952912e+02
   8.1000000e+01   0.0000000e+00   0.0000000e+00   3.1591852e+02   1.5915064e+02
   1.0800000e+02   0.0000000e+00   0.0000000e+00   3.1542960e+02   1.8746317e+02
   1.3500000e+02   0.0000000e+00   0.0000000e+00   3.1952905e+02   2.1976771e+02
   1.6200000e+02   0.0000000e+00   0.0000000e+00   3.2047095e+02   2.4833065e+02
   1.8900000e+02   0.0000000e+00   0.0000000e+00   3.2048481e+02   2.8297999e+02
   2.1600000e+02   0.0000000e+00   0.0000000e+00   3.2517877e+02   3.1462067e+02
   2.4300000e+02   0.0000000e+00   0.0000000e+00   3.2712619e+02   3.4734054e+02
