   0.0000000e+00   1.8900000e+02   0.0000000e+00   4.3494513e+02   2.2747232e+01
   2.7000000e+01   1.8900000e+02   0.0000000e+00   4.3345702e+02   5.0980149e+01
   5.4000000e+01   1.8900000e+02   0.0000000e+00   4.4136394e+02   7.7185951e+01
   8.1000000e+01   1.8900000e+02   0.0000000e+00   4.4478974e+02   1.0624057e+02
   1.0800000e+02   1.8900000e+02   0.0000000e+00   4.4653409e+02   1.3410716e+02
   1.3500000e+02   1.8900000e+02   0.0000000e+00   4.5212504e+02   1.6845222e+02
   1.6200000e+02   1.8900000e+02   0.0000000e+00   4.5674803e+02   2.0023558e+02
   1.8900000e+02   1.8900000e+02   0.0000000e+00   4.5630569e+02   2.3984704e+02
   2.1600000e+02   1.8900000e+02   0.0000000e+00   4.6452098e+02   2.7358381e+02
   2.4300000e+02   1.8900000e+02   0.0000000e+00   4.6870703e+02   3.1205202e+02
   0.0000000e+00   1.6200000e+02   0.0000000e+00   4.0320339e+02   3.4889822e+01
   2.7000000e+01   1.6200000e+02   0.0000000e+00   4.0819476e+02   6.2804596e+01
   5.4000000e+01   1.6200000e+02   0.0000000e+00   4.1181092e+02   9.0180724e+01
   8.1000000e+01   1.6200000e+02   0.0000000e+00   4.1548963e+02   1.1866885e+02
   1.0800000e+02   1.6200000e+02   0.0000000e+00   4.1613428e+02   1.4791140e+02
   1.3500000e+02   1.6200000e+02   0.0000000e+00   4.1997030e+02   1.7820946e+02
   1.6200000e+02   1.6200000e+02   0.0000000e+00   4.2195663e+02   2.1368079e+02
   1.8900000e+02   1.6200000e+02   0.0000000e+00   4.2681473e+02   2.4168882e+02
   2.1600000e+02   1.6200000e+02   0.0000000e+00   4.3040141e+02   2.7980041e+02
   2.4300000e+02   1.6200000e+02   0.0000000e+00   4.2938105e+02   3.1537996e+02
   0.0000000e+00   1.3500000e+02   0.0000000e+00   3.7694855e+02   4.8264388e+01
   2.7000000e+01   1.3500000e+02   0.0000000e+00   3.7977060e+02   7.6160404e+01
   5.4000000e+01   1.3500000e+02   0.0000000e+00   3.8515983e+02   1.0122528e+02
   8.1000000e+01   1.3500000e+02   0.0000000e+00   3.8579462e+02   1.3017150e+02
   1.0800000e+02   1.3500000e+02   0.0000000e+00   3.9027960e+02   1.5957023e+02
   1.3500000e+02   1.3500000e+02   0.0000000e+00   3.9009929e+02   1.8932308e+02
   1.6200000e+02   1.3500000e+02   0.0000000e+00   3.9141374e+02   2.1746205e+02
   1.8900000e+02   1.3500000e+02   0.0000000e+00   3.9224776e+02   2.5478151e+02
   2.1600000e+02   1.3500000e+02   0.0000000e+00   3.9756737e+02   2.8388487e+02
   2.4300000e+02   1.3500000e+02   0.0000000e+00   3.9656315e+02   3.2335056e+02
   0.0000000e+00   1.0800000e+02   0.0000000e+00   3.5257485e+02   6.2168189e+01
   2.7000000e+01   1.0800000e+02   0.0000000e+00   3.5390746e+02   8.7184127e+01
   5.4000000e+01   1.0800000e+02   0.0000000e+00   3.5183878e+02   1.1531983e+02
   8.1000000e+01   1.0800000e+02   0.0000000e+00   3.6007000e+02   1.4379015e+02
   1.0800000e+02   1.0800000e+02   0.0000000e+00   3.6045165e+02   1.6721894e+02
   1.3500000e+02   1.0800000e+02   0.0000000e+00   3.5941353e+02   1.9758829e+02
   1.6200000e+02   1.0800000e+02   0.0000000e+00   3.6426457e+02   2.2704304e+02
   1.8900000e+02   1.0800000e+02   0.0000000e+00   3.6583339e+02   2.5981759e+02
   2.1600000e+02   1.0800000e+02   0.0000000e+00   3.6762896e+02   2.9258235e+02
   2.4300000e+02   1.0800000e+02   0.0000000e+00   3.6775840e+02   3.2815107e+02
   0.0000000e+00   8.1000000e+01   0.0000000e+00   3.2965725e+02   7.1123560e+01
   2.7000000e+01   8.1000000e+01   0.0000000e+00   3.2917851e+02   1.0083580e+02
   5.4000000e+01   8.1000000e+01   0.0000000e+00   3.3312441e+02   1.2407669e+02
   8.1000000e+01   8.1000000e+01   0.0000000e+00   3.3136890e+02   1.5018962e+02
   1.0800000e+02   8.1000000e+01   0.0000000e+00   3.3538006e+02   1.7913582e+02
   1.3500000e+02   8.1000000e+01   0.0000000e+00   3.3724450e+02   2.0126600e+02
   1.6200000e+02   8.1000000e+01   0.0000000e+00   3.3796161e+02   2.3630584e+02
   1.8900000e+02   8.1000000e+01   0.0000000e+00   3.3886536e+02   2.6578033e+02
   2.1600000e+02   8.1000000e+01   0.0000000e+00   3.3977948e+02   2.9978845e+02
   2.4300000e+02   8.1000000e+01   0.0000000e+00   3.3637653e+02   3.3307217e+02
   0.0000000e+00   5.4000000e+01   0.0000000e+00   3.0299295e+02   8.5712926e+01
   2.7000000e+01   5.4000000e+01   0.0000000e+00   3.0647383e+02   1.0771961e+02
   5.4000000e+01   5.4000000e+01   0.0000000e+00   3.0549304e+02   1.3610434e+02
   8.1000000e+01   5.4000000e+01   0.0000000e+00   3.0844782e+02   1.5864004e+02
   1.0800000e+02   5.4000000e+01   0.0000000e+00   3.0806474e+02   1.8726573e+02
   1.3500000e+02   5.4000000e+01   0.0000000e+00   3.0872256e+02   2.1365988e+02
   1.6200000e+02   5.4000000e+01   0.0000000e+00   3.0947976e+02   2.4413433e+02
   1.8900000e+02   5.4000000e+01   0.0000000e+00   3.0995577e+02   2.7339909e+02
   2.1600000e+02   5.4000000e+01   0.0000000e+00   3.1097827e+02   3.0611054e+02
   2.4300000e+02   5.4000000e+01   0.0000000e+00   3.0974769e+02   3.3974442e+02
   0.0000000e+00   2.7000000e+01   0.0000000e+00   2.8618851e+02   9.2751952e+01
   2.7000000e+01   2.7000000e+01   0.0000000e+00   2.8265699e+02   1.2317422e+02
   5.4000000e+01   2.7000000e+01   0.0000000e+00   2.8691982e+02   1.4668814e+02
   8.1000000e+01   2.7000000e+01   0.0000000e+00   2.8254023e+02   1.6942903e+02
   1.0800000e+02   2.7000000e+01   0.0000000e+00   2.8480131e+02   1.9291656e+02
   1.3500000e+02   2.7000000e+01   0.0000000e+00   2.8479411e+02   2.2222443e+02
   1.6200000e+02   2.7000000e+01   0.0000000e+00   2.8291437e+02   2.5069239e+02
   1.8900000e+02   2.7000000e+01   0.0000000e+00   2.8579482e+02   2.7870344e+02
   2.1600000e+02   2.7000000e+01   0.0000000e+00   2.8555175e+02   3.0736667e+02
   2.4300000e+02   2.7000000e+01   0.0000000e+00   2.8305867e+02   3.4143029e+02
   0.0000000e+00   0.0000000e+00   0.0000000e+00   2.6355259e+02   1.0498235e+02
   2.7000000e+01   0.0000000e+00   0.0000000e+00   2.6203861e+02   1.2873907e+02
   5.4000000e+01   0.0000000e+00   0.0000000e+00   2.6657563e+02   1.4857480e+02
   8.1000000e+01   0.0000000e+00   0.0000000e+00   2.5749284e+02   1.7749351e+02
   1.0800000e+02   0.0000000e+00   0.0000000e+00   2.5836181e+02   2.0011357e+02
   1.3500000e+02   0.0000000e+00   0.0000000e+00   2.6234850e+02   2.3111408e+02
   1.6200000e+02   0.0000000e+00   0.0000000e+00   2.5824007e+02   2.5878318e+02
   1.8900000e+02   0.0000000e+00   0.0000000e+00   2.5949876e+02   2.8798549e+02
   2.1600000e+02   0.0000000e+00   0.0000000e+00   2.6432461e+02   3.1405016e+02
   2.4300000e+02   0.0000000e+00   0.0000000e+00   2.5893530e+02   3.4521188e+02
