   0.0000000e+00   1.8900000e+02   0.0000000e+00   4.1374431e+02   9.2267528e+01
   2.7000000e+01   1.8900000e+02   0.0000000e+00   4.1818641e+02   1.2021259e+02
   5.4000000e+01   1.8900000e+02   0.0000000e+00   4.1805631e+02   1.4117357e+02
   8.1000000e+01   1.8900000e+02   0.0000000e+00   4.2031795e+02   1.6682469e+02
   1.0800000e+02   1.8900000e+02   0.0000000e+00   4.2568840e+02   1.8902173e+02
   1.3500000e+02   1.8900000e+02   0.0000000e+00   4.2815775e+02   2.2369410e+02
   1.6200000e+02   1.8900000e+02   0.0000000e+00   4.3150617e+02   2.5245154e+02
   1.8900000e+02   1.8900000e+02   0.0000000e+00   4.3435970e+02   2.8116111e+02
   2.1600000e+02   1.8900000e+02   0.0000000e+00   4.3226254e+02   3.0981523e+02
   2.4300000e+02   1.8900000e+02   0.0000000e+00   4.3560766e+02   3.4023801e+02
   0.0000000e+00   1.6200000e+02   0.0000000e+00   3.9693586e+02   8.3126373e+01
   2.7000000e+01   1.6200000e+02   0.0000000e+00   3.9247848e+02   1.0824760e+02
   5.4000000e+01   1.6200000e+02   0.0000000e+00   3.9585628e+02   1.3377107e+02
   8.1000000e+01   1.6200000e+02   0.0000000e+00   3.9780479e+02   1.5996608e+02
   1.0800000e+02   1.6200000e+02   0.0000000e+00   4.0319470e+02   1.8681376e+02
   1.3500000e+02   1.6200000e+02   0.0000000e+00   4.0190454e+02   2.1508114e+02
   1.6200000e+02   1.6200000e+02   0.0000000e+00   4.0366978e+02   2.4552023e+02
   1.8900000e+02   1.6200000e+02   0.0000000e+00   4.1075455e+02   2.7782579e+02
   2.1600000e+02   1.6200000e+02   0.0000000e+00   4.0451387e+02   3.0879913e+02
   2.4300000e+02   1.6200000e+02   0.0000000e+00   4.1102057e+02   3.3763302e+02
   0.0000000e+00   1.3500000e+02   0.0000000e+00   3.6693434e+02   7.0563118e+01
   2.7000000e+01   1.3500000e+02   0.0000000e+00   3.7219367e+02   9.9664144e+01
   5.4000000e+01   1.3500000e+02   0.0000000e+00   3.6943150e+02   1.2444214e+02
   8.1000000e+01   1.3500000e+02   0.0000000e+00   3.7822563e+02   1.5275598e+02
   1.0800000e+02   1.3500000e+02   0.0000000e+00   3.7679342e+02   1.8313185e+02
   1.3500000e+02   1.3500000e+02   0.0000000e+00   3.7668170e+02   2.0451239e+02
   1.6200000e+02   1.3500000e+02   0.0000000e+00   3.7834141e+02   2.3735299e+02
   1.8900000e+02   1.3500000e+02   0.0000000e+00   3.8296003e+02   2.6875609e+02
   2.1600000e+02   1.3500000e+02   0.0000000e+00   3.8310424e+02   3.0230070e+02
   2.4300000e+02   1.3500000e+02   0.0000000e+00   3.8141031e+02   3.3819617e+02
   0.0000000e+00   1.0800000e+02   0.0000000e+00   3.4340782e+02   6.7699536e+01
   2.7000000e+01   1.0800000e+02   0.0000000e+00   3.4332406e+02   9.0519894e+01
   5.4000000e+01   1.0800000e+02   0.0000000e+00   3.4411668e+02   1.1927272e+02
   8.1000000e+01   1.0800000e+02   0.0000000e+00   3.4855348e+02   1.4518746e+02
   1.0800000e+02   1.0800000e+02   0.0000000e+00   3.5010902e+02   1.7320948e+02
   1.3500000e+02   1.0800000e+02   0.0000000e+00   3.5058496e+02   2.0239445e+02
   1.6200000e+02   1.0800000e+02   0.0000000e+00   3.5112830e+02   2.3307124e+02
   1.8900000e+02   1.0800000e+02   0.0000000e+00   3.5164894e+02   2.6302141e+02
   2.1600000e+02   1.0800000e+02   0.0000000e+00   3.5528503e+02   2.9813348e+02
   2.4300000e+02   1.0800000e+02   0.0000000e+00   3.5549924e+02   3.3214912e+02
   0.0000000e+00   8.1000000e+01   0.0000000e+00   3.2055695e+02   5.2960957e+01
   2.7000000e+01   8.1000000e+01   0.0000000e+00   3.2331856e+02   8.3935557e+01
   5.4000000e+01   8.1000000e+01   0.0000000e+00   3.2066767e+02   1.0575624e+02
   8.1000000e+01   8.1000000e+01   0.0000000e+00   3.2118072e+02   1.3867025e+02
   1.0800000e+02   8.1000000e+01   0.0000000e+00   3.2291298e+02   1.6479633e+02
   1.3500000e+02   8.1000000e+01   0.0000000e+00   3.2341325e+02   1.9668371e+02
   1.6200000e+02   8.1000000e+01   0.0000000e+00   3.2364215e+02   2.2584172e+02
   1.8900000e+02   8.1000000e+01   0.0000000e+00   3.2355422e+02   2.5971849e+02
   2.1600000e+02   8.1000000e+01   0.0000000e+00   3.2970570e+02   2.9732806e+02
   2.4300000e+02   8.1000000e+01   0.0000000e+00   3.2892989e+02   3.2856804e+02
   0.0000000e+00   5.4000000e+01   0.0000000e+00   2.9495717e+02   4.5593407e+01
   2.7000000e+01   5.4000000e+01   0.0000000e+00   2.9412044e+02   7.2360700e+01
   5.4000000e+01   5.4000000e+01   0.0000000e+00   2.9438750e+02   9.9936773e+01
   8.1000000e+01   5.4000000e+01   0.0000000e+00   2.9736675e+02   1.3338698e+02
   1.0800000e+02   5.4000000e+01   0.0000000e+00   2.9256596e+02   1.6001427e+02
   1.3500000e+02   5.4000000e+01   0.0000000e+00   2.9613933e+02   1.9332592e+02
   1.6200000e+02   5.4000000e+01   0.0000000e+00   2.9564572e+02   2.1945848e+02
   1.8900000e+02   5.4000000e+01   0.0000000e+00   2.9444337e+02   2.5516714e+02
   2.1600000e+02   5.4000000e+01   0.0000000e+00   2.9527089e+02   2.8928760e+02
   2.4300000e+02   5.4000000e+01   0.0000000e+00   2.9657198e+02   3.2550723e+02
   0.0000000e+00   2.7000000e+01   0.0000000e+00   2.6460445e+02   3.6721198e+01
   2.7000000e+01   2.7000000e+01   0.0000000e+00   2.6555994e+02   6.2044989e+01
   5.4000000e+01   2.7000000e+01   0.0000000e+00   2.6421474e+02   8.9636002e+01
   8.1000000e+01   2.7000000e+01   0.0000000e+00   2.6273151e+02   1.2339520e+02
   1.0800000e+02   2.7000000e+01   0.0000000e+00   2.6441863e+02   1.5111454e+02
   1.3500000e+02   2.7000000e+01   0.0000000e+00   2.6264415e+02   1.8353090e+02
   1.6200000e+02   2.7000000e+01   0.0000000e+00   2.6269758e+02   2.1445235e+02
   1.8900000e+02   2.7000000e+01   0.0000000e+00   2.6380444e+02   2.4884498e+02
   2.1600000e+02   2.7000000e+01   0.0000000e+00   2.6618680e+02   2.8677608e+02
   2.4300000e+02   2.7000000e+01   0.0000000e+00   2.6500633e+02   3.1721194e+02
   0.0000000e+00   0.0000000e+00   0.0000000e+00   2.3611484e+02   2.3430488e+01
   2.7000000e+01   0.0000000e+00   0.0000000e+00   2.3209001e+02   5.4398203e+01
   5.4000000e+01   0.0000000e+00   0.0000000e+00   2.3288843e+02   7.6207083e+01
   8.1000000e+01   0.0000000e+00   0.0000000e+00   2.3456732e+02   1.1249630e+02
   1.0800000e+02   0.0000000e+00   0.0000000e+00   2.2894958e+02   1.4260825e+02
   1.3500000e+02   0.0000000e+00   0.0000000e+00   2.3467759e+02   1.7606015e+02
   1.6200000e+02   0.0000000e+00   0.0000000e+00   2.2881415e+02   2.0647951e+02
   1.8900000e+02   0.0000000e+00   0.0000000e+00   2.2957322e+02   2.4276457e+02
   2.1600000e+02   0.0000000e+00   0.0000000e+00   2.2847067e+02   2.7963588e+02
   2.4300000e+02   0.0000000e+00   0.0000000e+00   2.2708879e+02   3.1778356e+02
