   0.0000000e+00   1.8900000e+02   0.0000000e+00   4.5932925e+02   1.1732332e+02
   2.7000000e+01   1.8900000e+02   0.0000000e+00   4.6116921e+02   1.3080573e+02
   5.4000000e+01   1.8900000e+02   0.0000000e+00   4.5623145e+02   1.3823310e+02
   8.1000000e+01   1.8900000e+02   0.0000000e+00   4.6115139e+02   1.5560881e+02
   1.0800000e+02   1.8900000e+02   0.0000000e+00   4.5824765e+02   1.6137561e+02
   1.3500000e+02   1.8900000e+02   0.0000000e+00   4.5346620e+02   1.8128284e+02
   1.6200000e+02   1.8900000e+02   0.0000000e+00   4.5356473e+02   1.9582598e+02
   1.8900000e+02   1.8900000e+02   0.0000000e+00   4.5674137e+02   2.1585521e+02
   2.1600000e+02   1.8900000e+02   0.0000000e+00   4.5088512e+02   2.3232582e+02
   2.4300000e+02   1.8900000e+02   0.0000000e+00   4.4933652e+02   2.5341988e+02
   0.0000000e+00   1.6200000e+02   0.0000000e+00   4.3101934e+02   1.2200120e+02
   2.7000000e+01   1.6200000e+02   0.0000000e+00   4.2732418e+02   1.3299757e+02
   5.4000000e+01   1.6200000e+02   0.0000000e+00   4.2728776e+02   1.4421626e+02
   8.1000000e+01   1.6200000e+02   0.0000000e+00   4.2508337e+02   1.5426845e+02
   1.0800000e+02   1.6200000e+02   0.0000000e+00   4.1859102e+02   1.7191993e+02
   1.3500000e+02   1.6200000e+02   0.0000000e+00   4.2050575e+02   1.8459129e+02
   1.6200000e+02   1.6200000e+02   0.0000000e+00   4.1324064e+02   1.9933063e+02
   1.8900000e+02   1.6200000e+02   0.0000000e+00   4.1810668e+02   2.1943607e+02
   2.1600000e+02   1.6200000e+02   0.0000000e+00   4.1360190e+02   2.3373000e+02
   2.4300000e+02   1.6200000e+02   0.0000000e+00   4.1140429e+02   2.5335656e+02
   0.0000000e+00   1.3500000e+02   0.0000000e+00   4.0705049e+02   1.2685700e+02
   2.7000000e+01   1.3500000e+02   0.0000000e+00   4.0068437e+02   1.3727107e+02
   5.4000000e+01   1.3500000e+02   0.0000000e+00   3.9545486e+02   1.5203025e+02
   8.1000000e+01   1.3500000e+02   0.0000000e+00   3.9057895e+02   1.5960566e+02
   1.0800000e+02   1.3500000e+02   0.0000000e+00   3.9108288e+02   1.7459228e+02
   1.3500000e+02   1.3500000e+02   0.0000000e+00   3.8319556e+02   1.8700509e+02
   1.6200000e+02   1.3500000e+02   0.0000000e+00   3.8601197e+02   2.0147023e+02
   1.8900000e+02   1.3500000e+02   0.0000000e+00   3.7673204e+02   2.1916867e+02
   2.1600000e+02   1.3500000e+02   0.0000000e+00   3.7401350e+02   2.4094134e+02
   2.4300000e+02   1.3500000e+02   0.0000000e+00   3.6867930e+02   2.6167549e+02
   0.0000000e+00   1.0800000e+02   0.0000000e+00   3.7657125e+02   1.3097601e+02
   2.7000000e+01   1.0800000e+02   0.0000000e+00   3.7041837e+02   1.4437319e+02
   5.4000000e+01   1.0800000e+02   0.0000000e+00   3.6896384e+02   1.5323839e+02
   8.1000000e+01   1.0800000e+02   0.0000000e+00   3.6501611e+02   1.6313764e+02
   1.0800000e+02   1.0800000e+02   0.0000000e+00   3.6015722e+02   1.7901018e+02
   1.3500000e+02   1.0800000e+02   0.0000000e+00   3.5521195e+02   1.9348207e+02
   1.6200000e+02   1.0800000e+02   0.0000000e+00   3.4905338e+02   2.0637565e+02
   1.8900000e+02   1.0800000e+02   0.0000000e+00   3.4622953e+02   2.2310362e+02
   2.1600000e+02   1.0800000e+02   0.0000000e+00   3.3947896e+02   2.4206662e+02
   2.4300000e+02   1.0800000e+02   0.0000000e+00   3.3042002e+02   2.6640550e+02
   0.0000000e+00   8.1000000e+01   0.0000000e+00   3.5460641e+02   1.3691396e+02
   2.7000000e+01   8.1000000e+01   0.0000000e+00   3.4584330e+02   1.4604286e+02
   5.4000000e+01   8.1000000e+01   0.0000000e+00   3.3967999e+02   1.5465075e+02
   8.1000000e+01   8.1000000e+01   0.0000000e+00   3.3623067e+02   1.6619158e+02
   1.0800000e+02   8.1000000e+01   0.0000000e+00   3.3011087e+02   1.8016594e+02
   1.3500000e+02   8.1000000e+01   0.0000000e+00   3.2211820e+02   1.9650303e+02
   1.6200000e+02   8.1000000e+01   0.0000000e+00   3.1593728e+02   2.1089605e+02
   1.8900000e+02   8.1000000e+01   0.0000000e+00   3.1073250e+02   2.2851635e+02
   2.1600000e+02   8.1000000e+01   0.0000000e+00   3.0420273e+02   2.4976996e+02
   2.4300000e+02   8.1000000e+01   0.0000000e+00   2.9385038e+02   2.6933454e+02
   0.0000000e+00   5.4000000e+01   0.0000000e+00   3.2380020e+02   1.3629062e+02
   2.7000000e+01   5.4000000e+01   0.0000000e+00   3.2075729e+02   1.4993768e+02
   5.4000000e+01   5.4000000e+01   0.0000000e+00   3.1820342e+02   1.5771298e+02
   8.1000000e+01   5.4000000e+01   0.0000000e+00   3.0740241e+02   1.7034579e+02
   1.0800000e+02   5.4000000e+01   0.0000000e+00   2.9871660e+02   1.8711219e+02
   1.3500000e+02   5.4000000e+01   0.0000000e+00   2.9358748e+02   1.9753277e+02
   1.6200000e+02   5.4000000e+01   0.0000000e+00   2.8428275e+02   2.1618184e+02
   1.8900000e+02   5.4000000e+01   0.0000000e+00   2.7843143e+02   2.3332452e+02
   2.1600000e+02   5.4000000e+01   0.0000000e+00   2.6893619e+02   2.5269454e+02
   2.4300000e+02   5.4000000e+01   0.0000000e+00   2.5675946e+02   2.6941251e+02
   0.0000000e+00   2.7000000e+01   0.0000000e+00   2.9960426e+02   1.4044641e+02
   2.7000000e+01   2.7000000e+01   0.0000000e+00   2.9378965e+02   1.5436881e+02
   5.4000000e+01   2.7000000e+01   0.0000000e+00   2.8587187e+02   1.6538675e+02
   8.1000000e+01   2.7000000e+01   0.0000000e+00   2.7725371e+02   1.7946046e+02
   1.0800000e+02   2.7000000e+01   0.0000000e+00   2.7574603e+02   1.9013806e+02
   1.3500000e+02   2.7000000e+01   0.0000000e+00   2.6576544e+02   2.0442936e+02
   1.6200000e+02   2.7000000e+01   0.0000000e+00   2.5614835e+02   2.2165731e+02
   1.8900000e+02   2.7000000e+01   0.0000000e+00   2.4606697e+02   2.3814344e+02
   2.1600000e+02   2.7000000e+01   0.0000000e+00   2.3659327e+02   2.5935556e+02
   2.4300000e+02   2.7000000e+01   0.0000000e+00   2.2754856e+02   2.7505059e+02
   0.0000000e+00   0.0000000e+00   0.0000000e+00   2.7560766e+02   1.4761808e+02
   2.7000000e+01   0.0000000e+00   0.0000000e+00   2.7201805e+02   1.5934800e+02
   5.4000000e+01   0.0000000e+00   0.0000000e+00   2.6140187e+02   1.6987717e+02
   8.1000000e+01   0.0000000e+00   0.0000000e+00   2.5517990e+02   1.8475103e+02
   1.0800000e+02   0.0000000e+00   0.0000000e+00   2.4797014e+02   1.9432286e+02
   1.3500000e+02   0.0000000e+00   0.0000000e+00   2.3663575e+02   2.0942201e+02
   1.6200000e+02   0.0000000e+00   0.0000000e+00   2.2424809e+02   2.2488620e+02
   1.8900000e+02   0.0000000e+00   0.0000000e+00   2.1547427e+02   2.4184125e+02
   2.1600000e+02   0.0000000e+00   0.0000000e+00   2.0561709e+02   2.5753591e+02
   2.4300000e+02   0.0000000e+00   0.0000000e+00   1.9114229e+02   2.7962207e+02
