   0.0000000e+00   1.8900000e+02   0.0000000e+00   5.1625576e+02   1.7645277e+02
   2.7000000e+01   1.8900000e+02   0.0000000e+00   5.1403146e+02   2.1058421e+02
   5.4000000e+01   1.8900000e+02   0.0000000e+00   5.1553617e+02   2.4721558e+02
   8.1000000e+01   1.8900000e+02   0.0000000e+00   5.1743041e+02   2.7933299e+02
   1.0800000e+02   1.8900000e+02   0.0000000e+00   5.1023366e+02   3.1277269e+02
   1.3500000e+02   1.8900000e+02   0.0000000e+00   5.1300308e+02   3.3382212e+02
   1.6200000e+02   1.8900000e+02   0.0000000e+00   5.1194032e+02   3.5859454e+02
   1.8900000e+02   1.8900000e+02   0.0000000e+00   5.1179286e+02   3.8818674e+02
   2.1600000e+02   1.8900000e+02   0.0000000e+00   5.1592722e+02   4.1062466e+02
   2.4300000e+02   1.8900000e+02   0.0000000e+00   5.1178409e+02   4.3309766e+02
   0.0000000e+00   1.6200000e+02   0.0000000e+00   4.6776559e+02   1.8025774e+02
   2.7000000e+01   1.6200000e+02   0.0000000e+00   4.7198977e+02   2.1583444e+02
   5.4000000e+01   1.6200000e+02   0.0000000e+00   4.7323300e+02   2.4988832e+02
   8.1000000e+01   1.6200000e+02   0.0000000e+00   4.7335598e+02   2.8430550e+02
   1.0800000e+02   1.6200000e+02   0.0000000e+00   4.7214931e+02   3.0943235e+02
   1.3500000e+02   1.6200000e+02   0.0000000e+00   4.7216305e+02   3.3720709e+02
   1.6200000e+02   1.6200000e+02   0.0000000e+00   4.7737806e+02   3.6342742e+02
   1.8900000e+02   1.6200000e+02   0.0000000e+00   4.7888585e+02   3.8645252e+02
   2.1600000e+02   1.6200000e+02   0.0000000e+00   4.8322514e+02   4.0572932e+02
   2.4300000e+02   1.6200000e+02   0.0000000e+00   4.7509217e+02   4.3053310e+02
   0.0000000e+00   1.3500000e+02   0.0000000e+00   4.2432679e+02   1.8096522e+02
   2.7000000e+01   1.3500000e+02   0.0000000e+00   4.2621538e+02   2.1751328e+02
   5.4000000e+01   1.3500000e+02   0.0000000e+00   4.2909979e+02   2.5449530e+02
   8.1000000e+01   1.3500000e+02   0.0000000e+00   4.3407998e+02   2.8380182e+02
   1.0800000e+02   1.3500000e+02   0.0000000e+00   4.3657395e+02   3.1285258e+02
   1.3500000e+02   1.3500000e+02   0.0000000e+00   4.3889698e+02   3.3991210e+02
   1.6200000e+02   1.3500000e+02   0.0000000e+00   4.4106605e+02   3.6517834e+02
   1.8900000e+02   1.3500000e+02   0.0000000e+00   4.4309599e+02   3.8882383e+02
   2.1600000e+02   1.3500000e+02   0.0000000e+00   4.4499976e+02   4.1099969e+02
   2.4300000e+02   1.3500000e+02   0.0000000e+00   4.4657830e+02   4.2942825e+02
   0.0000000e+00   1.0800000e+02   0.0000000e+00   3.7712917e+02   1.8741591e+02
   2.7000000e+01   1.0800000e+02   0.0000000e+00   3.8188632e+02   2.2322752e+02
   5.4000000e+01   1.0800000e+02   0.0000000e+00   3.8669363e+02   2.5639043e+02
   8.1000000e+01   1.0800000e+02   0.0000000e+00   3.9420076e+02   2.8615564e+02
   1.0800000e+02   1.0800000e+02   0.0000000e+00   3.9809007e+02   3.1497550e+02
   1.3500000e+02   1.0800000e+02   0.0000000e+00   3.9900774e+02   3.4386551e+02
   1.6200000e+02   1.0800000e+02   0.0000000e+00   4.0150342e+02   3.6338630e+02
   1.8900000e+02   1.0800000e+02   0.0000000e+00   4.0821686e+02   3.9121859e+02
   2.1600000e+02   1.0800000e+02   0.0000000e+00   4.1124077e+02   4.1242242e+02
   2.4300000e+02   1.0800000e+02   0.0000000e+00   4.1338400e+02   4.3175011e+02
   0.0000000e+00   8.1000000e+01   0.0000000e+00   3.3580946e+02   1.8558548e+02
   2.7000000e+01   8.1000000e+01   0.0000000e+00   3.4108270e+02   2.2634959e+02
   5.4000000e+01   8.1000000e+01   0.0000000e+00   3.4739417e+02   2.6057536e+02
   8.1000000e+01   8.1000000e+01   0.0000000e+00   3.5115840e+02   2.9122282e+02
   1.0800000e+02   8.1000000e+01   0.0000000e+00   3.5701970e+02   3.1965983e+02
   1.3500000e+02   8.1000000e+01   0.0000000e+00   3.6125441e+02   3.4286766e+02
   1.6200000e+02   8.1000000e+01   0.0000000e+00   3.7371407e+02   3.6834795e+02
   1.8900000e+02   8.1000000e+01   0.0000000e+00   3.7375891e+02   3.9194975e+02
   2.1600000e+02   8.1000000e+01   0.0000000e+00   3.7778141e+02   4.1383251e+02
   2.4300000e+02   8.1000000e+01   0.0000000e+00   3.8328679e+02   4.3477498e+02
   0.0000000e+00   5.4000000e+01   0.0000000e+00   2.9111300e+02   1.9343021e+02
   2.7000000e+01   5.4000000e+01   0.0000000e+00   2.9752038e+02   2.3153569e+02
   5.4000000e+01   5.4000000e+01   0.0000000e+00   3.0813991e+02   2.6255378e+02
   8.1000000e+01   5.4000000e+01   0.0000000e+00   3.1281856e+02   2.9438638e+02
   1.0800000e+02   5.4000000e+01   0.0000000e+00   3.1964914e+02   3.2156294e+02
   1.3500000e+02   5.4000000e+01   0.0000000e+00   3.2485622e+02   3.4643324e+02
   1.6200000e+02   5.4000000e+01   0.0000000e+00   3.3011604e+02   3.6946160e+02
   1.8900000e+02   5.4000000e+01   0.0000000e+00   3.3507990e+02   3.9231467e+02
   2.1600000e+02   5.4000000e+01   0.0000000e+00   3.4109122e+02   4.1255815e+02
   2.4300000e+02   5.4000000e+01   0.0000000e+00   3.5191810e+02   4.3410278e+02
   0.0000000e+00   2.7000000e+01   0.0000000e+00   2.5064574e+02   1.9529974e+02
   2.7000000e+01   2.7000000e+01   0.0000000e+00   2.5748546e+02   2.3416566e+02
   5.4000000e+01   2.7000000e+01   0.0000000e+00   2.6855131e+02   2.6282027e+02
   8.1000000e+01   2.7000000e+01   0.0000000e+00   2.7556095e+02   2.9675377e+02
   1.0800000e+02   2.7000000e+01   0.0000000e+00   2.8276064e+02   3.2280938e+02
   1.3500000e+02   2.7000000e+01   0.0000000e+00   2.8944765e+02   3.5043293e+02
   1.6200000e+02   2.7000000e+01   0.0000000e+00   2.9600582e+02   3.7032027e+02
   1.8900000e+02   2.7000000e+01   0.0000000e+00   3.0406341e+02   3.9068137e+02
   2.1600000e+02   2.7000000e+01   0.0000000e+00   3.0948641e+02   4.1516009e+02
   2.4300000e+02   2.7000000e+01   0.0000000e+00   3.1663328e+02   4.3431095e+02
   0.0000000e+00   0.0000000e+00   0.0000000e+00   2.0720723e+02   1.9668504e+02
   2.7000000e+01   0.0000000e+00   0.0000000e+00   2.1829596e+02   2.3300229e+02
   5.4000000e+01   0.0000000e+00   0.0000000e+00   2.2907378e+02   2.7009937e+02
   8.1000000e+01   0.0000000e+00   0.0000000e+00   2.3482529e+02   2.9431944e+02
   1.0800000e+02   0.0000000e+00   0.0000000e+00   2.4664204e+02   3.2595837e+02
   1.3500000e+02   0.0000000e+00   0.0000000e+00   2.5640934e+02   3.5209506e+02
   1.6200000e+02   0.0000000e+00   0.0000000e+00   2.6128549e+02   3.7502658e+02
   1.8900000e+02   0.0000000e+00   0.0000000e+00   2.7341231e+02   4.0039811e+02
   2.1600000e+02   0.0000000e+00   0.0000000e+00   2.7650758e+02   4.1550988e+02
   2.4300000e+02   0.0000000e+00   0.0000000e+00   2.8580622e+02   4.3817983e+02
