   0.0000000e+00   1.8900000e+02   0.0000000e+00   2.5522830e+02   1.5648221e+02
   2.7000000e+01   1.8900000e+02   0.0000000e+00   2.7619181e+02   1.7562845e+02
   5.4000000e+01   1.8900000e+02   0.0000000e+00   2.9399937e+02   1.9032748e+02
   8.1000000e+01   1.8900000e+02   0.0000000e+00   3.0927942e+02   2.0943615e+02
   1.0800000e+02   1.8900000e+02   0.0000000e+00   3.2531473e+02   2.2048272e+02
   1.3500000e+02   1.8900000e+02   0.0000000e+00   3.4057135e+02   2.2853345e+02
   1.6200000e+02   1.8900000e+02   0.0000000e+00   3.4998279e+02   2.4300721e+02
   1.8900000e+02   1.8900000e+02   0.0000000e+00   3.6358231e+02   2.4900587e+02
   2.1600000e+02   1.8900000e+02   0.0000000e+00   3.7021891e+02   2.6148486e+02
   2.4300000e+02   1.8900000e+02   0.0000000e+00   3.7903181e+02   2.6953604e+02
   0.0000000e+00   1.6200000e+02   0.0000000e+00   2.4170611e+02   1.9964709e+02
   2.7000000e+01   1.6200000e+02   0.0000000e+00   2.6333071e+02   2.1139133e+02
   5.4000000e+01   1.6200000e+02   0.0000000e+00   2.8067395e+02   2.2403385e+02
   8.1000000e+01   1.6200000e+02   0.0000000e+00   2.9700734e+02   2.4066752e+02
   1.0800000e+02   1.6200000e+02   0.0000000e+00   3.1230039e+02   2.5210157e+02
   1.3500000e+02   1.6200000e+02   0.0000000e+00   3.2631426e+02   2.5747151e+02
   1.6200000e+02   1.6200000e+02   0.0000000e+00   3.4084192e+02   2.6804748e+02
   1.8900000e+02   1.6200000e+02   0.0000000e+00   3.4674625e+02   2.7559331e+02
   2.1600000e+02   1.6200000e+02   0.0000000e+00   3.6375118e+02   2.9192861e+02
   2.4300000e+02   1.6200000e+02   0.0000000e+00   3.7222088e+02   2.9668816e+02
   0.0000000e+00   1.3500000e+02   0.0000000e+00   2.1680161e+02   2.3674782e+02
   2.7000000e+01   1.3500000e+02   0.0000000e+00   2.4442654e+02   2.5128759e+02
   5.4000000e+01   1.3500000e+02   0.0000000e+00   2.6455535e+02   2.6105031e+02
   8.1000000e+01   1.3500000e+02   0.0000000e+00   2.8306456e+02   2.7434399e+02
   1.0800000e+02   1.3500000e+02   0.0000000e+00   3.0011693e+02   2.8021922e+02
   1.3500000e+02   1.3500000e+02   0.0000000e+00   3.1362110e+02   2.9257794e+02
   1.6200000e+02   1.3500000e+02   0.0000000e+00   3.2354435e+02   3.0455182e+02
   1.8900000e+02   1.3500000e+02   0.0000000e+00   3.4222108e+02   3.0517784e+02
   2.1600000e+02   1.3500000e+02   0.0000000e+00   3.4909741e+02   3.1374766e+02
   2.4300000e+02   1.3500000e+02   0.0000000e+00   3.6166824e+02   3.2064085e+02
   0.0000000e+00   1.0800000e+02   0.0000000e+00   1.9926259e+02   2.8134984e+02
   2.7000000e+01   1.0800000e+02   0.0000000e+00   2.2781665e+02   2.8841705e+02
   5.4000000e+01   1.0800000e+02   0.0000000e+00   2.5163935e+02   2.9580572e+02
   8.1000000e+01   1.0800000e+02   0.0000000e+00   2.6972824e+02   3.0449370e+02
   1.0800000e+02   1.0800000e+02   0.0000000e+00   2.8596979e+02   3.1607282e+02
   1.3500000e+02   1.0800000e+02   0.0000000e+00   3.0115157e+02   3.2303322e+02
   1.6200000e+02   1.0800000e+02   0.0000000e+00   3.1946770e+02   3.2638676e+02
   1.8900000e+02   1.0800000e+02   0.0000000e+00   3.2698505e+02   3.3142310e+02
   2.1600000e+02   1.0800000e+02   0.0000000e+00   3.3849364e+02   3.4145298e+02
   2.4300000e+02   1.0800000e+02   0.0000000e+00   3.5041487e+02   3.4194305e+02
   0.0000000e+00   8.1000000e+01   0.0000000e+00   1.8707778e+02   3.1743275e+02
   2.7000000e+01   8.1000000e+01   0.0000000e+00   2.1325837e+02   3.2428127e+02
   5.4000000e+01   8.1000000e+01   0.0000000e+00   2.3483448e+02   3.3444441e+02
   8.1000000e+01   8.1000000e+01   0.0000000e+00   2.5747676e+02   3.3921115e+02
   1.0800000e+02   8.1000000e+01   0.0000000e+00   2.6832180e+02   3.4500893e+02
   1.3500000e+02   8.1000000e+01   0.0000000e+00   2.8859033e+02   3.5371249e+02
   1.6200000e+02   8.1000000e+01   0.0000000e+00   2.9954541e+02   3.5602948e+02
   1.8900000e+02   8.1000000e+01   0.0000000e+00   3.1808499e+02   3.5905369e+02
   2.1600000e+02   8.1000000e+01   0.0000000e+00   3.2766779e+02   3.6419018e+02
   2.4300000e+02   8.1000000e+01   0.0000000e+00   3.4208399e+02   3.6865735e+02
   0.0000000e+00   5.4000000e+01   0.0000000e+00   1.7052037e+02   3.5961600e+02
   2.7000000e+01   5.4000000e+01   0.0000000e+00   1.9844645e+02   3.6432538e+02
   5.4000000e+01   5.4000000e+01   0.0000000e+00   2.2086627e+02   3.6855561e+02
   8.1000000e+01   5.4000000e+01   0.0000000e+00   2.4329151e+02   3.7281227e+02
   1.0800000e+02   5.4000000e+01   0.0000000e+00   2.6178352e+02   3.7843526e+02
   1.3500000e+02   5.4000000e+01   0.0000000e+00   2.7342108e+02   3.8461259e+02
   1.6200000e+02   5.4000000e+01   0.0000000e+00   2.9096057e+02   3.8451258e+02
   1.8900000e+02   5.4000000e+01   0.0000000e+00   3.0367335e+02   3.8845557e+02
   2.1600000e+02   5.4000000e+01   0.0000000e+00   3.1960800e+02   3.9000069e+02
   2.4300000e+02   5.4000000e+01   0.0000000e+00   3.2818442e+02   3.9580418e+02
   0.0000000e+00   2.7000000e+01   0.0000000e+00   1.4705390e+02   4.0284220e+02
   2.7000000e+01   2.7000000e+01   0.0000000e+00   1.7942150e+02   4.0368198e+02
   5.4000000e+01   2.7000000e+01   0.0000000e+00   2.0568265e+02   4.0803597e+02
   8.1000000e+01   2.7000000e+01   0.0000000e+00   2.2735737e+02   4.1450186e+02
   1.0800000e+02   2.7000000e+01   0.0000000e+00   2.4570133e+02   4.1390667e+02
   1.3500000e+02   2.7000000e+01   0.0000000e+00   2.6451333e+02   4.1264342e+02
   1.6200000e+02   2.7000000e+01   0.0000000e+00   2.7986097e+02   4.1645137e+02
   1.8900000e+02   2.7000000e+01   0.0000000e+00   2.9144803e+02   4.1488475e+02
   2.1600000e+02   2.7000000e+01   0.0000000e+00   3.0535299e+02   4.2018898e+02
   2.4300000e+02   2.7000000e+01   0.0000000e+00   3.1782841e+02   4.2152160e+02
   0.0000000e+00   0.0000000e+00   0.0000000e+00   1.3241275e+02   4.4654707e+02
   2.7000000e+01   0.0000000e+00   0.0000000e+00   1.6465250e+02   4.5011880e+02
   5.4000000e+01   0.0000000e+00   0.0000000e+00   1.8855851e+02   4.4681868e+02
   8.1000000e+01   0.0000000e+00   0.0000000e+00   2.1659557e+02   4.4709909e+02
   1.0800000e+02   0.0000000e+00   0.0000000e+00   2.3080478e+02   4.4900495e+02
   1.3500000e+02   0.0000000e+00   0.0000000e+00   2.5448428e+02   4.5030786e+02
   1.6200000e+02   0.0000000e+00   0.0000000e+00   2.6970196e+02   4.4873557e+02
   1.8900000e+02   0.0000000e+00   0.0000000e+00   2.8162420e+02   4.4727128e+02
   2.1600000e+02   0.0000000e+00   0.0000000e+00   2.9577206e+02   4.4539868e+02
   2.4300000e+02   0.0000000e+00   0.0000000e+00   3.0740890e+02   4.4739668e+02
