   0.0000000e+00   1.8900000e+02   0.0000000e+00   4.7764750e+02   4.3647560e+02
   2.7000000e+01   1.8900000e+02   0.0000000e+00   4.5079088e+02   4.4207716e+02
   5.4000000e+01   1.8900000e+02   0.0000000e+00   4.2010982e+02   4.4317119e+02
   8.1000000e+01   1.8900000e+02   0.0000000e+00   3.9920183e+02   4.4447880e+02
   1.0800000e+02   1.8900000e+02   0.0000000e+00   3.8142794e+02   4.4280660e+02
   1.3500000e+02   1.8900000e+02   0.0000000e+00   3.6109242e+02   4.4700658e+02
   1.6200000e+02   1.8900000e+02   0.0000000e+00   3.4620508e+02   4.5015549e+02
   1.8900000e+02   1.8900000e+02   0.0000000e+00   3.3167169e+02   4.4995576e+02
   2.1600000e+02   1.8900000e+02   0.0000000e+00   3.1629548e+02   4.5345686e+02
   2.4300000e+02   1.8900000e+02   0.0000000e+00   3.0044923e+02   4.5253212e+02
   0.0000000e+00   1.6200000e+02   0.0000000e+00   4.5986309e+02   3.8846536e+02
   2.7000000e+01   1.6200000e+02   0.0000000e+00   4.3499519e+02   3.9443854e+02
   5.4000000e+01   1.6200000e+02   0.0000000e+00   4.1165982e+02   3.9849633e+02
   8.1000000e+01   1.6200000e+02   0.0000000e+00   3.8841274e+02   4.0328934e+02
   1.0800000e+02   1.6200000e+02   0.0000000e+00   3.6846063e+02   4.0708029e+02
   1.3500000e+02   1.6200000e+02   0.0000000e+00   3.4602910e+02   4.0977866e+02
   1.6200000e+02   1.6200000e+02   0.0000000e+00   3.3055305e+02   4.1506049e+02
   1.8900000e+02   1.6200000e+02   0.0000000e+00   3.1404194e+02   4.1504667e+02
   2.1600000e+02   1.6200000e+02   0.0000000e+00   3.0466137e+02   4.1920233e+02
   2.4300000e+02   1.6200000e+02   0.0000000e+00   2.9323046e+02   4.1666825e+02
   0.0000000e+00   1.3500000e+02   0.0000000e+00   4.4251159e+02   3.4255583e+02
   2.7000000e+01   1.3500000e+02   0.0000000e+00   4.2119144e+02   3.5083774e+02
   5.4000000e+01   1.3500000e+02   0.0000000e+00   3.9763574e+02   3.5773143e+02
   8.1000000e+01   1.3500000e+02   0.0000000e+00   3.7280666e+02   3.6601283e+02
   1.0800000e+02   1.3500000e+02   0.0000000e+00   3.5721753e+02   3.6956002e+02
   1.3500000e+02   1.3500000e+02   0.0000000e+00   3.3904869e+02   3.7661821e+02
   1.6200000e+02   1.3500000e+02   0.0000000e+00   3.2005927e+02   3.7763117e+02
   1.8900000e+02   1.3500000e+02   0.0000000e+00   3.1127224e+02   3.8655963e+02
   2.1600000e+02   1.3500000e+02   0.0000000e+00   2.9214546e+02   3.8580452e+02
   2.4300000e+02   1.3500000e+02   0.0000000e+00   2.8049690e+02   3.9234236e+02
   0.0000000e+00   1.0800000e+02   0.0000000e+00   4.3291252e+02   2.9806176e+02
   2.7000000e+01   1.0800000e+02   0.0000000e+00   4.0384455e+02   3.0536276e+02
   5.4000000e+01   1.0800000e+02   0.0000000e+00   3.8878542e+02   3.1401036e+02
   8.1000000e+01   1.0800000e+02   0.0000000e+00   3.6465600e+02   3.2532755e+02
   1.0800000e+02   1.0800000e+02   0.0000000e+00   3.4968057e+02   3.3066192e+02
   1.3500000e+02   1.0800000e+02   0.0000000e+00   3.2470300e+02   3.3846089e+02
   1.6200000e+02   1.0800000e+02   0.0000000e+00   3.1229831e+02   3.4811930e+02
   1.8900000e+02   1.0800000e+02   0.0000000e+00   2.9649988e+02   3.5334546e+02
   2.1600000e+02   1.0800000e+02   0.0000000e+00   2.8607300e+02   3.5721572e+02
   2.4300000e+02   1.0800000e+02   0.0000000e+00   2.7869440e+02   3.5790938e+02
   0.0000000e+00   8.1000000e+01   0.0000000e+00   4.1864271e+02   2.5396541e+02
   2.7000000e+01   8.1000000e+01   0.0000000e+00   3.9259732e+02   2.6502300e+02
   5.4000000e+01   8.1000000e+01   0.0000000e+00   3.6918789e+02   2.7646544e+02
   8.1000000e+01   8.1000000e+01   0.0000000e+00   3.4821402e+02   2.8729140e+02
   1.0800000e+02   8.1000000e+01   0.0000000e+00   3.3532845e+02   2.9651210e+02
   1.3500000e+02   8.1000000e+01   0.0000000e+00   3.1539481e+02   3.0572695e+02
   1.6200000e+02   8.1000000e+01   0.0000000e+00   3.0225778e+02   3.1182347e+02
   1.8900000e+02   8.1000000e+01   0.0000000e+00   2.8815767e+02   3.2155468e+02
   2.1600000e+02   8.1000000e+01   0.0000000e+00   2.7682045e+02   3.2698293e+02
   2.4300000e+02   8.1000000e+01   0.0000000e+00   2.6655935e+02   3.3163090e+02
   0.0000000e+00   5.4000000e+01   0.0000000e+00   4.0467993e+02   2.1081783e+02
   2.7000000e+01   5.4000000e+01   0.0000000e+00   3.7867084e+02   2.2376582e+02
   5.4000000e+01   5.4000000e+01   0.0000000e+00   3.5817489e+02   2.3857064e+02
   8.1000000e+01   5.4000000e+01   0.0000000e+00   3.3893848e+02   2.4998159e+02
   1.0800000e+02   5.4000000e+01   0.0000000e+00   3.2236355e+02   2.6279658e+02
   1.3500000e+02   5.4000000e+01   0.0000000e+00   3.0613462e+02   2.7460724e+02
   1.6200000e+02   5.4000000e+01   0.0000000e+00   2.9186436e+02   2.8258764e+02
   1.8900000e+02   5.4000000e+01   0.0000000e+00   2.7787353e+02   2.9260223e+02
   2.1600000e+02   5.4000000e+01   0.0000000e+00   2.6838457e+02   2.9921646e+02
   2.4300000e+02   5.4000000e+01   0.0000000e+00   2.5455678e+02   3.0547818e+02
   0.0000000e+00   2.7000000e+01   0.0000000e+00   3.9069433e+02   1.6603500e+02
   2.7000000e+01   2.7000000e+01   0.0000000e+00   3.6712041e+02   1.8444135e+02
   5.4000000e+01   2.7000000e+01   0.0000000e+00   3.4874322e+02   2.0018568e+02
   8.1000000e+01   2.7000000e+01   0.0000000e+00   3.2844147e+02   2.1575223e+02
   1.0800000e+02   2.7000000e+01   0.0000000e+00   3.1102783e+02   2.2940560e+02
   1.3500000e+02   2.7000000e+01   0.0000000e+00   2.9878091e+02   2.4076326e+02
   1.6200000e+02   2.7000000e+01   0.0000000e+00   2.8356821e+02   2.4870549e+02
   1.8900000e+02   2.7000000e+01   0.0000000e+00   2.7238717e+02   2.5998418e+02
   2.1600000e+02   2.7000000e+01   0.0000000e+00   2.6056328e+02   2.6684868e+02
   2.4300000e+02   2.7000000e+01   0.0000000e+00   2.5079165e+02   2.7765701e+02
   0.0000000e+00   0.0000000e+00   0.0000000e+00   3.7763665e+02   1.2724908e+02
   2.7000000e+01   0.0000000e+00   0.0000000e+00   3.5320414e+02   1.4569416e+02
   5.4000000e+01   0.0000000e+00   0.0000000e+00   3.4036455e+02   1.6269837e+02
   8.1000000e+01   0.0000000e+00   0.0000000e+00   3.1941303e+02   1.7652723e+02
   1.0800000e+02   0.0000000e+00   0.0000000e+00   3.0069663e+02   1.9509817e+02
   1.3500000e+02   0.0000000e+00   0.0000000e+00   2.8947391e+02   2.0427726e+02
   1.6200000e+02   0.0000000e+00   0.0000000e+00   2.7623714e+02   2.1584229e+02
   1.8900000e+02   0.0000000e+00   0.0000000e+00   2.6405646e+02   2.2648460e+02
   2.1600000e+02   0.0000000e+00   0.0000000e+00   2.5599280e+02   2.3391696e+02
   2.4300000e+02   0.0000000e+00   0.0000000e+00   2.4239514e+02   2.4541016e+02
