   0.0000000e+00   1.8900000e+02   0.0000000e+00   4.9074552e+02   9.9172631e+01
   2.7000000e+01   1.8900000e+02   0.0000000e+00   4.9534622e+02   1.3978211e+02
   5.4000000e+01   1.8900000e+02   0.0000000e+00   4.9866622e+02   1.7703657e+02
   8.1000000e+01   1.8900000e+02   0.0000000e+00   4.9578200e+02   2.0514743e+02
   1.0800000e+02   1.8900000e+02   0.0000000e+00   4.9715886e+02   2.3409759e+02
   1.3500000e+02   1.8900000e+02   0.0000000e+00   4.9936947e+02   2.6545357e+02
   1.6200000e+02   1.8900000e+02   0.0000000e+00   4.9946326e+02   2.8615297e+02
   1.8900000e+02   1.8900000e+02   0.0000000e+00   5.0186940e+02   3.1026923e+02
   2.1600000e+02   1.8900000e+02   0.0000000e+00   5.0135951e+02   3.2641522e+02
   2.4300000e+02   1.8900000e+02   0.0000000e+00   5.0252277e+02   3.4688007e+02
   0.0000000e+00   1.6200000e+02   0.0000000e+00   4.4183460e+02   1.0362160e+02
   2.7000000e+01   1.6200000e+02   0.0000000e+00   4.4728634e+02   1.4206453e+02
   5.4000000e+01   1.6200000e+02   0.0000000e+00   4.5134107e+02   1.7753963e+02
   8.1000000e+01   1.6200000e+02   0.0000000e+00   4.5506701e+02   2.0946427e+02
   1.0800000e+02   1.6200000e+02   0.0000000e+00   4.5764595e+02   2.3521627e+02
   1.3500000e+02   1.6200000e+02   0.0000000e+00   4.6140448e+02   2.6188665e+02
   1.6200000e+02   1.6200000e+02   0.0000000e+00   4.6500408e+02   2.8259292e+02
   1.8900000e+02   1.6200000e+02   0.0000000e+00   4.6833022e+02   3.0841128e+02
   2.1600000e+02   1.6200000e+02   0.0000000e+00   4.6835600e+02   3.2681522e+02
   2.4300000e+02   1.6200000e+02   0.0000000e+00   4.7092355e+02   3.4650306e+02
   0.0000000e+00   1.3500000e+02   0.0000000e+00   3.9224501e+02   1.0682045e+02
   2.7000000e+01   1.3500000e+02   0.0000000e+00   4.0234741e+02   1.4637897e+02
   5.4000000e+01   1.3500000e+02   0.0000000e+00   4.0826142e+02   1.7879132e+02
   8.1000000e+01   1.3500000e+02   0.0000000e+00   4.1465412e+02   2.0886864e+02
   1.0800000e+02   1.3500000e+02   0.0000000e+00   4.1960335e+02   2.3789671e+02
   1.3500000e+02   1.3500000e+02   0.0000000e+00   4.2439052e+02   2.6459765e+02
   1.6200000e+02   1.3500000e+02   0.0000000e+00   4.3037343e+02   2.8912069e+02
   1.8900000e+02   1.3500000e+02   0.0000000e+00   4.3123516e+02   3.0803254e+02
   2.1600000e+02   1.3500000e+02   0.0000000e+00   4.3565077e+02   3.2798742e+02
   2.4300000e+02   1.3500000e+02   0.0000000e+00   4.3963216e+02   3.4468905e+02
   0.0000000e+00   1.0800000e+02   0.0000000e+00   3.5033548e+02   1.1019748e+02
   2.7000000e+01   1.0800000e+02   0.0000000e+00   3.6139816e+02   1.4845652e+02
   5.4000000e+01   1.0800000e+02   0.0000000e+00   3.6957122e+02   1.8200585e+02
   8.1000000e+01   1.0800000e+02   0.0000000e+00   3.7601026e+02   2.0963291e+02
   1.0800000e+02   1.0800000e+02   0.0000000e+00   3.8216616e+02   2.3673965e+02
   1.3500000e+02   1.0800000e+02   0.0000000e+00   3.9055713e+02   2.6446697e+02
   1.6200000e+02   1.0800000e+02   0.0000000e+00   3.9450832e+02   2.8691992e+02
   1.8900000e+02   1.0800000e+02   0.0000000e+00   4.0024787e+02   3.0831521e+02
   2.1600000e+02   1.0800000e+02   0.0000000e+00   4.0441265e+02   3.2532314e+02
   2.4300000e+02   1.0800000e+02   0.0000000e+00   4.0800507e+02   3.4475321e+02
   0.0000000e+00   8.1000000e+01   0.0000000e+00   3.1088864e+02   1.1525830e+02
   2.7000000e+01   8.1000000e+01   0.0000000e+00   3.1839956e+02   1.5165440e+02
   5.4000000e+01   8.1000000e+01   0.0000000e+00   3.3090806e+02   1.8421043e+02
   8.1000000e+01   8.1000000e+01   0.0000000e+00   3.3925551e+02   2.0969642e+02
   1.0800000e+02   8.1000000e+01   0.0000000e+00   3.4473499e+02   2.3765497e+02
   1.3500000e+02   8.1000000e+01   0.0000000e+00   3.5333496e+02   2.6417153e+02
   1.6200000e+02   8.1000000e+01   0.0000000e+00   3.5954706e+02   2.8488425e+02
   1.8900000e+02   8.1000000e+01   0.0000000e+00   3.7033436e+02   3.0679687e+02
   2.1600000e+02   8.1000000e+01   0.0000000e+00   3.7414370e+02   3.2712381e+02
   2.4300000e+02   8.1000000e+01   0.0000000e+00   3.8174891e+02   3.4369531e+02
   0.0000000e+00   5.4000000e+01   0.0000000e+00   2.7327894e+02   1.1599128e+02
   2.7000000e+01   5.4000000e+01   0.0000000e+00   2.8102796e+02   1.5402391e+02
   5.4000000e+01   5.4000000e+01   0.0000000e+00   2.9237169e+02   1.8507646e+02
   8.1000000e+01   5.4000000e+01   0.0000000e+00   3.0287977e+02   2.1319303e+02
   1.0800000e+02   5.4000000e+01   0.0000000e+00   3.1233980e+02   2.3951827e+02
   1.3500000e+02   5.4000000e+01   0.0000000e+00   3.1994691e+02   2.6327371e+02
   1.6200000e+02   5.4000000e+01   0.0000000e+00   3.2910714e+02   2.8568719e+02
   1.8900000e+02   5.4000000e+01   0.0000000e+00   3.3785822e+02   3.0805725e+02
   2.1600000e+02   5.4000000e+01   0.0000000e+00   3.4226601e+02   3.2626081e+02
   2.4300000e+02   5.4000000e+01   0.0000000e+00   3.5005473e+02   3.4507943e+02
   0.0000000e+00   2.7000000e+01   0.0000000e+00   2.3029580e+02   1.1952577e+02
   2.7000000e+01   2.7000000e+01   0.0000000e+00   2.4658672e+02   1.5224248e+02
   5.4000000e+01   2.7000000e+01   0.0000000e+00   2.5677279e+02   1.8732691e+02
   8.1000000e+01   2.7000000e+01   0.0000000e+00   2.6916657e+02   2.1455250e+02
   1.0800000e+02   2.7000000e+01   0.0000000e+00   2.7934719e+02   2.4082488e+02
   1.3500000e+02   2.7000000e+01   0.0000000e+00   2.8788018e+02   2.6314951e+02
   1.6200000e+02   2.7000000e+01   0.0000000e+00   2.9827331e+02   2.8560236e+02
   1.8900000e+02   2.7000000e+01   0.0000000e+00   3.0575135e+02   3.0658482e+02
   2.1600000e+02   2.7000000e+01   0.0000000e+00   3.1094303e+02   3.2383630e+02
   2.4300000e+02   2.7000000e+01   0.0000000e+00   3.2038676e+02   3.4228542e+02
   0.0000000e+00   0.0000000e+00   0.0000000e+00   1.9410017e+02   1.2570346e+02
   2.7000000e+01   0.0000000e+00   0.0000000e+00   2.0775533e+02   1.6046604e+02
   5.4000000e+01   0.0000000e+00   0.0000000e+00   2.2428119e+02   1.8748832e+02
   8.1000000e+01   0.0000000e+00   0.0000000e+00   2.3565332e+02   2.1591543e+02
   1.0800000e+02   0.0000000e+00   0.0000000e+00   2.4519751e+02   2.4296333e+02
   1.3500000e+02   0.0000000e+00   0.0000000e+00   2.5565122e+02   2.6290390e+02
   1.6200000e+02   0.0000000e+00   0.0000000e+00   2.6418765e+02   2.8563346e+02
   1.8900000e+02   0.0000000e+00   0.0000000e+00   2.7392915e+02   3.0410818e+02
   2.1600000e+02   0.0000000e+00   0.0000000e+00   2.8631649e+02   3.2350933e+02
   2.4300000e+02   0.0000000e+00   0.0000000e+00   2.9389918e+02   3.4226529e+02
